125117108100 96 97106121139154163163154140123105 90 77 71 71 79 9110511627 1 1QL1028164999999999999999999999 416 961825 7099999999999999
123126125122118114115121132146158163160151138121102 84 68 58 58 66 81 9827 1 2QL 117126111016399999999999999 5261141933 5799999999999999
113126135138137132126123126135147156161159151138120 98 75 55 45 46 57 7627 1 3QL 313138121216199999999999999 7 01232026 4499999999999999
 97118136148152148140130124126134146155161161154139117 89 62 41 32 37 5327 1 4QL 4 2152133116299999999999999 8161242110 3299999999999999
 76103128149161162154140127121123132145157165166157137109 76 47 28 22 3227 1 5QL 436163143616799999999999999 9151212151 2299999999999999
 53 83114143163170165151134120115119132148164173172157130 95 60 32 16 1727 1 6QL 5 517115231749999999999999910 31152229 1499999999999999
 32 60 95130158173174162143124111109118135156173181173151117 78 44 19  927 1 7QL 53217516 218199999999999999104310823 5  999999999999999
 16 40 74112146169177170152131112102105120143167183184168138100 61 29 1027 1 8QL 55917716351859999999999999911181022338  699999999999999
  8 23 54 93131161176174160139117100 96105127154177187180157121 82 45 1927 1 9QL 62517717 8187999999999999991150 96999999999999999999999
  7 14 38 74114149171176166147123103 91 93110136163182185170140103 66 3427 110QL 650176174018699999999999999 0 9  71222 9099999999999999
 15 13 29 60 98135162175171155132108 91 85 94116144168180175155123 87 5427 111QL 715175181418099999999999999 038 121253 8599999999999999
 30 20 27 51 85122152170173162141117 95 82 83 98122147166171162139108 7627 112QL 741174185217299999999999999 1 5 201326 8199999999999999
 49 34 33 49 76110141163173167150126103 85 77 83101124145158159147125 9827 113QL 8 7173193616199999999999999 132 3114 3 7799999999999999
 72 53 46 54 73101130154168169158137113 91 78 75 8310011913714714713611727 114QL 834171202914999999999999999 2 0 461445 7499999999999999
 95 76 66 66 77 97121144161168163147125102 84 73 72 79 9210912513513712927 115QL 9 4168213813799999999999999 229 651541 7199999999999999
115101 90 86 89100116135152163164155138117 96 80 69 65 68 79 9511212513027 116QL 937165231013099999999999999 3 3 8617 2 6599999999999999
128121114109107110117129142155161160150133114 95 77 62 53 53 62 80 9911627 117QL1019162999999999999999999999 3541071830 5199999999999999
127133134133130127125127134144153159157149136117 95 72 50 36 34 44 64 8827 118QL 152134111915999999999999999 6 01251942 3399999999999999
112131144151152147140133130133141151158160156144123 95 64 36 18 14 26 5127 119QL 337152125316099999999999999 7561302042 1499999999999999
 81112140159168167158144132126128137149161169168154128 93 54 20  0 -3 1327 120QL 422169142417099999999999999 9141262138 -499999999999999
 43 81120153174181174159140124117120133151170181180163130 87 43  7-14-1427 121QL 45918115261839999999999999910111172230-1699999999999999
  7 44 88133167186186173152129111105112132157180193189165126 79 33 -3-2127 122QL 53318816171949999999999999910581052317-2299999999999999
-16 12 55104149179191184164137112 95 93107133164190200190161118 70 25 -727 123QL 6 519117 2200999999999999991138 922359-1999999999999999
-19 -6 29 76125165187189173148119 93 80 84106138170193198183151108 63 2327 124QL 6341901746199999999999999991216 79999999999999999999999
 -3 -6 16 56103147177188180158128 98 76 68 80107141171188188169137 98 5827 125QL 7 2188182919099999999999999 037 -71253 6899999999999999
 27 11 19 47 88131165183182166139108 80 63 63 81110140164176171152123 9027 126QL 727185191317699999999999999 111 111330 6199999999999999
 59 38 34 50 81119153176182172149120 91 68 58 64 8311013515215915213511227 127QL 75118220 015999999999999999 142 3314 8 5899999999999999
 87 67 58 63 83113143167178174157132104 80 64 59 67 8510512413714113512327 128QL 815179205314199999999999999 210 571450 5999999999999999
107 92 82 81 92111136157171173163143119 96 77 66 63 70 82 9811212212512327 129QL 83917422 412599999999999999 234 801545 6399999999999999
117109103101104115130148161168164151132112 94 80 70 66 68 76 87 9910911527 130QL 9 7168999999999999999999999 25510117 9 6699999999999999
118119119119119122129139149157159153142128113 98 84 72 64 62 66 76 8810027 131QL 9431599999999999999999999991849 61999999999999999999999
111121128133134133132133138144149150147140130119103 86 69 56 52 55 66 8127 2 1QL 353134104215099999999999999 6 713220 3 5299999999999999
 98116131142147145139132129131136141145147145138125105 82 60 45 40 45 6027 2 2QL 41014713 114799999999999999 8 81292058 4099999999999999
 80104127146156156148136125120121128138147154154146127100 72 47 32 29 3927 2 3QL 431158143515599999999999999 9171202143 2899999999999999
 59 87116143160165158143127114109113125141156165164148122 89 57 32 20 2227 2 4QL 45316515221669999999999999910 11092221 1999999999999999
 39 67101134159171167152132112100 99110129151169176168144110 73 41 19 1227 2 5QL 5151711558176999999999999991036 982255 1299999999999999
 22 48 83122153172174161139115 96 87 93112139165181182164132 94 56 26 1027 2 6QL 53617516311849999999999999911 7 872325  999999999999999
 12 32 66107144169178169148121 96 80 78 93120152177188179153116 77 41 1727 2 7QL 55717817 3188999999999999991136 772353 1099999999999999
 10 22 52 92133164179175157129100 77 67 74 99132164184186169137 99 61 3127 2 8QL 61817917361889999999999999912 5 67999999999999999999999
 16 20 43 80121156177179165139108 80 62 60 77108143171184178154121 84 5127 2 9QL 638181181118499999999999999 019 151235 5899999999999999
 30 25 40 71110146172181172149118 87 62 52 60 84118149171176164139106 7427 210QL 659181184817799999999999999 044 2513 5 5299999999999999
 50 38 45 68101136164179176158129 97 69 51 49 64 92123150165165150125 9727 211QL 721180193016799999999999999 1 9 381336 4899999999999999
 72 57 56 71 97128155173176164140110 80 57 47 51 69 9512214315415113711627 212QL 743177201815499999999999999 134 551412 4799999999999999
 95 80 74 81 98122146165173167149123 95 70 54 48 54 70 9211413114013812827 213QL 8 7173211814099999999999999 158 741458 4899999999999999
114102 95 97106121139155165166155136112 89 69 56 51 54 65 8210111712612827 214QL 834167224912899999999999999 222 9516 7 5199999999999999
125120117116119125135146155159156146130111 92 75 61 51 48 54 67 8410111527 215QL 9 7159999999999999999999999 2421161750 4899999999999999
124130134135136136136139143148150148142133119103 83 63 46 37 38 49 67 8927 216QL10 71509999999999999999999991924 36999999999999999999999
110128142151153150143137133133137142146148145134116 90 62 37 22 20 32 5527 217QL 353153125714899999999999999 8221332036 1999999999999999
 83113140158167165154140127119119126138151161162151126 92 55 25  7  5 2127 218QL 416167143716399999999999999 9301182134  499999999999999
 51 88125156174177167148127109101104119141163178179162130 89 47 13 -5 -227 219QL 44217815331819999999999999910121002222 -699999999999999
 21 58103144173185179159132106 87 82 93118149177193189166127 81 38  5 -827 220QL 5 71851620194999999999999991049 8123 4 -899999999999999
  2 33 78126165186187170142110 81 65 67 88122159189200190161119 73 32  427 221QL 53218917 3200999999999999991124 632342 -299999999999999
  0 19 59107151181191180153119 84 58 48 60 90130168193198182149108 66 3127 222QL 5561911744199999999999999991157 48999999999999999999999
 13 19 48 91137173190186164131 94 60 40 40 61 98138171189187167135 98 6227 223QL 618191182419199999999999999 015 121230 3799999999999999
 37 31 48 83125162185189173143107 71 43 32 42 69106142167177170150121 9027 224QL 64019019 517799999999999999 046 3113 3 3299999999999999
 65 52 57 82117152178187178154121 86 55 36 35 50 7911114015716115213311127 225QL 7 1187194716199999999999999 113 511336 3399999999999999
 89 74 73 86112142168181179162134102 72 50 40 44 62 8711213214314413512227 226QL 722182203314599999999999999 137 711411 3999999999999999
107 95 90 96112135157172175165144117 90 68 54 50 56 70 8910712112912912427 227QL 744175213213099999999999999 158 901453 4999999999999999
117110106108116130146159165162149129107 88 73 64 61 64 73 86 9810911611927 228QL 8 9166999999999999999999999 2131061556 6199999999999999
120120120121124129137146152153147136121107 94 83 74 68 66 69 77 87 9810727 3 1QL 8381549999999999999999999991750 66999999999999999999999
116124130133134133133135138140140136130123115104 92 79 68 61 61 67 77 9127 3 2QL 9251419999999999999999999991933 60999999999999999999999
106121134143145141134128125125128131133134133126114 97 77 61 51 49 57 7127 3 3QL 34914513 013499999999999999 8241252039 4999999999999999
 91113134149154151140127116111113119129139146145136118 93 69 49 38 39 5227 3 4QL 4 5154143014799999999999999 9171112125 3799999999999999
 74101128150161160148130112100 97103118135152160157140114 84 56 36 28 3527 3 5QL 423162151416099999999999999 950 9722 1 2899999999999999
 56 85119147165168157137113 93 83 85100124149167172161137104 70 42 25 2427 3 6QL 4421691550173999999999999991019 822233 2299999999999999
 40 70106141166174166146118 91 72 68 80105137165181178159127 90 56 31 2127 3 7QL 5 01741623182999999999999991047 6723 2 2199999999999999
 30 56 93132163178175155126 94 67 53 58 82117153179188177150114 76 45 2627 3 8QL 5191791656188999999999999991115 532330 2499999999999999
 26 46 81122157179181165136101 68 45 41 58 91132167187188169137100 65 4027 3 9QL 5371831731190999999999999991143 402356 3199999999999999
 31 43 72111149176185174147111 74 44 30 37 65104145175188180156123 89 6027 310QL 55618518 6188999999999999991211 30999999999999999999999
 44 46 68102140170184180158124 85 51 28 24 42 76117153176181168142112 8327 311QL 616185184518299999999999999 022 421241 2399999999999999
 63 57 70 97131161180182166136100 63 35 21 27 52 8712415417016915413010527 312QL 636183192717199999999999999 048 571312 2199999999999999
 84 74 78 97124152172179171148115 80 50 29 24 36 62 9412414715715414112327 313QL 658179201515899999999999999 114 741348 2499999999999999
105 94 92102121143162173170155130100 70 47 33 33 45 67 9311713414214013227 314QL 720173211714399999999999999 138 921432 3199999999999999
121113109113123138152162164157141118 94 71 54 44 42 50 65 8410311912813127 315QL 745165231013199999999999999 2 21091539 4299999999999999
130128126127130136143150153152144132116 99 82 67 55 48 48 57 71 8810411827 316QL 813153999999999999999999999 2181261727 4799999999999999
129136140141141139137137138139138136132125114 99 81 62 48 41 44 56 75 9627 317QL 3 7141 92313999999999999999 6441371911 4199999999999999
117135148154153146137127121120123129137142142133115 91 64 42 30 32 46 6927 318QL 321155132814399999999999999 8481202024 2999999999999999
 98126149163165157142123108100101111127145159161150126 94 61 34 21 24 4327 319QL 342166144316299999999999999 923 992119 2099999999999999
 74110143166175169151126101 83 76 85105133160177178161130 92 55 28 17 2627 320QL 4 5175153318099999999999999 956 7622 3 1799999999999999
 52 90130163180179162134102 74 57 57 76108144175191187164128 87 50 25 2127 321QL 4271821617192999999999999991029 552242 2099999999999999
 38 73115154180187174146110 74 47 36 46 76117157187197186158120 81 47 3027 322QL 44918716591979999999999999911 1 362317 2999999999999999
 35 61101143176190184159123 83 47 25 24 46 84129168191194178148111 76 5027 323QL 5111911739196999999999999991133 222349 4399999999999999
 43 58 91132168189190171138 97 57 27 14 24 55 97140172188185165136103 7527 324QL 53319218181899999999999999912 4 14999999999999999999999
 59 63 86122157183191180151113 73 38 16 14 34 69110146170178170150124 9827 325QL 555191185817899999999999999 019 581235 1399999999999999
 79 74 87114147174187183162129 91 55 29 18 25 49 8411914716216415413611527 326QL 616188193816599999999999999 046 7413 7 1799999999999999
 98 88 93111137162179181167141108 75 47 31 28 41 65 9412214115114914012627 327QL 639182202215199999999999999 112 881339 2799999999999999
112103102111129150166173167149123 94 68 49 41 43 57 77 9911913213813613027 328QL 7 2173211713899999999999999 1371011416 4099999999999999
122115112116125139152161160150132110 89 71 59 55 58 67 81 9711112112712827 329QL 72816223 012899999999999999 2 211215 6 5599999999999999
127125123123126132139146148145135122107 93 81 72 67 66 70 79 9010211212127 330QL 758148999999999999999999999 2321231638 6699999999999999
127131133133131130130131133134132127120112103 93 83 73 68 67 72 82 9510927 331QL 222133 84613499999999999999 5311301836 6799999999999999
122133140142139133126120118119122125127127123115103 88 73 63 60 65 77 9427 4 1QL 254142122812799999999999999 8 91181954 6099999999999999
113131145151149140126113104101106115126135140136125107 86 67 55 52 60 7827 4 2QL 31615114 614099999999999999 8511012046 5299999999999999
101125145158159149131111 94 85 86 98116135150154147130106 80 59 47 48 6327 4 3QL 335160145515499999999999999 921 842125 4699999999999999
 87116143161167159139114 89 71 66 76 98126151166167153129 99 71 51 43 5227 4 4QL 354167153416899999999999999 949 662159 4399999999999999
 74105137162173169149120 89 62 49 53 74107141167179174153123 91 63 47 4727 4 5QL 4121741610180999999999999991017 482230 4599999999999999
 64 94129160177178161131 95 61 37 32 47 80121158182187174148115 83 59 4927 4 6QL 4311801647188999999999999991045 3123 1 4999999999999999
 59 85119154177184172143105 66 33 17 23 51 92137172190188169140107 78 6027 4 7QL 4511841724192999999999999991115 162330 5899999999999999
 60 78110145174187181157120 78 39 13  7 24 61107150180191183160131101 7827 4 8QL 51218718 3191999999999999991146  6999999999999999999999
 69 78103135166185186169136 95 53 20  2  7 33 74119157180184173150123 9927 4 9QL 535188184518599999999999999 0 0 691218  199999999999999
 84 84100127156178186176151114 74 37 11  3 15 46 8612615617317316014011927 410QL 558186193117599999999999999 030 821254  299999999999999
102 96103121146167180178161132 97 61 31 13 12 28 57 9212514916015914913427 411QL 623181202416199999999999999 1 1 961334 1099999999999999
120111110120137155169172164145118 87 59 36 24 25 40 64 9211813714714814227 412QL 650173213514899999999999999 1321091423 2399999999999999
134126122124132144154160159150133112 88 67 49 39 39 48 66 8710812513614127 413QL 721161232714299999999999999 2111221532 3899999999999999
141138134132132135139143145144138128115 99 82 66 53 48 51 63 80 9911713227 414QL 8 6145999999999999999999999 33013117 8 4899999999999999
142146146142136131126125126128131133132126115 99 81 64 53 50 58 74 9511727 415QL 125146111313399999999999999 7101251844 5099999999999999
136149155153145132119108103105113124136143143133115 92 69 53 48 56 74 9927 416QL 215155132814499999999999999 8161031955 4899999999999999
125147161163156139119 98 84 79 86103125145158160148125 98 71 53 48 59 8227 417QL 245164143616199999999999999 853 792048 4899999999999999
111140162172167151125 97 72 58 58 74101132159174173157130 99 71 54 53 6927 418QL 311172152717599999999999999 927 562133 5199999999999999
 97130159176178164137104 70 45 35 45 71107144172185180160130 97 71 58 6327 419QL 33617916121869999999999999910 1 352212 5799999999999999
 86118152176185177152117 78 44 22 21 41 77119157183191180156125 94 72 6627 420QL 4 11851655191999999999999991034 192248 6699999999999999
 80108141171188186166133 92 53 22  9 18 47 89132168188189175149119 92 7727 421QL 42518917351919999999999999911 6  92322 7699999999999999
 80100130162184191178149110 69 32  9  6 25 61104144174187182165139113 9227 422QL 4501911814187999999999999991138  42354 8599999999999999
 85 96120151176189185163128 88 49 20  6 13 39 7711815217418017115313010827 423QL 5151901852180999999999999991210  6999999999999999999999
 96 97113139165183186172143107 70 38 17 13 28 57 9312815416816915814112227 424QL 541186193217099999999999999 025 941242 1399999999999999
107102110128152171180174154124 90 59 35 23 27 45 7410513215115915714613227 425QL 6 7180201416099999999999999 0561021316 2399999999999999
118110110121139157169171159137109 80 56 40 36 43 61 8611113214515014613827 426QL 63617221 415099999999999999 1271091352 3599999999999999
128119115119129143155161157143123100 78 61 51 50 58 73 9211112813814214027 427QL 7 7161221014299999999999999 2 21151437 4999999999999999
135128123121124131139146148143131116 98 82 70 63 62 67 79 9310912313313927 428QL 746148234114099999999999999 2541211539 6199999999999999
139137132127124123125129133134132125115104 92 81 74 70 72 80 9210712213327 429QL 854134999999999999999999999 44512317 9 7099999999999999
141143141136128121115113114119124127126122114103 91 81 74 73 79 9210812527 430QL 1 2143112212799999999999999 7 11131838 7399999999999999
139148150146136123109 99 95 99108120130135133126113 98 84 74 72 79 9511527 5 1QL 150150131713599999999999999 8 0 951943 7299999999999999
134149157156146129109 90 78 77 87104124140148147137120101 84 73 72 8310327 5 2QL 221158142314999999999999999 837 762032 7199999999999999
127148162165157138113 86 65 56 61 80107134154163160145124101 82 73 76 9327 5 3QL 247165151216499999999999999 9 9 562114 7299999999999999
117143163173168150122 90 59 40 36 52 81117149170177169149124 99 81 76 8527 5 4QL 312173155617799999999999999 940 352152 7699999999999999
107135161177179164136100 62 32 17 24 50 89130164184186173150122 97 83 8327 5 5QL 3371801638187999999999999991012 172229 8199999999999999
 99125154177186178153116 74 35  9  3 19 55100144176192189172146119 97 8827 5 6QL 4 31861720193999999999999991046  223 5 8899999999999999
 95116144171187188170136 94 50 14 -6 -3 23 6511215418319318616714111710027 5 7QL 43119018 4193999999999999991123 -72342 9699999999999999
 97109134161183191183157118 74 32  2-10  1 32 7612215918218817815913611627 5 8QL 5 119118501889999999999999912 2-10999999999999999999999
105108124148172187188172141102 60 24  0 -5 11 44 8612715917617916915213327 5 9QL 533189194017999999999999999 0191041244 -699999999999999
118112119136158175184178158128 91 55 25  7  7 25 56 9312815416716816014627 510QL 6 7184203516999999999999999 0571121330  599999999999999
131121119127142159170173165146119 88 58 34 21 23 39 66 9712614715916015427 511QL 646174213816199999999999999 1411181423 2099999999999999
143132124123129140151158159152137116 92 68 49 38 39 52 74 9912414315315627 512QL 737160224715699999999999999 2371221524 3799999999999999
151142132124121124129136142145143134120102 83 66 55 54 63 8010212414215327 513QL 9 5145235115699999999999999 4 31211637 5399999999999999
156151142131120113110112118126134138137129116 99 82 70 66 72 8610712914627 514QL1120139999999999999999999999 6 61101755 6699999999999999
157159153141126110 97 90 91 99113128140145142131114 96 81 75 79 9411513727 515QL 04315913 714599999999999999 724 8919 6 7599999999999999
155164163153136115 93 76 67 71 85106129147156155144126106 89 82 8810412627 516QL 126165142315799999999999999 813 6720 4 8299999999999999
149165171166150127 99 72 53 47 56 78106135157168166153133111 94 89 9711627 517QL 2 4171152216999999999999999 853 472054 8999999999999999
140161175177165142112 78 49 32 32 49 78113145168178174158135113 98 9510727 518QL 238177161117899999999999999 931 302139 9599999999999999
129153173182178159129 92 57 29 18 25 50 8612415717818517615713311210010327 519QL 31118316541859999999999999910 7 182220 9999999999999999
119142166182186174147111 72 38 15 12 28 59 9913816818518617315212911010327 520QL 3441861733187999999999999991042 11225910399999999999999
111130155177188184164131 92 54 24  9 14 37 7311315017518618216614412210827 521QL 4161881811186999999999999991116  8233510699999999999999
107120142166184188176149113 74 40 17 11 23 51 8912715917818217315513411727 522QL 4471881847182999999999999991151 10999999999999999999999
108113130153174186182164133 96 61 33 17 19 37 6810513916317517416214412627 523QL 518186192317699999999999999 0101081225 1699999999999999
113110119139160177182172149117 83 52 31 24 32 54 8511814616417016415113527 524QL 55018220 017099999999999999 04410913 0 2499999999999999
120111114126145163174173158134104 74 50 36 35 47 70 9912714916116315614227 525QL 624175204016399999999999999 1191111336 3499999999999999
128117112118131147160166160144121 95 71 53 45 48 62 8410913315015815714927 526QL 7 1166212415999999999999999 1571121414 4599999999999999
137124116114119130143152154148133114 92 74 61 57 62 76 9611713615015615327 527QL 747154221215699999999999999 2451141456 5799999999999999
145134123115113116124133140143138127112 96 82 73 70 75 8710412314015215627 528QL 85314323 215699999999999999 3531131549 7099999999999999
152143132121112107107112120129134134128117104 93 85 82 86 9611112914515527 529QL1028135235015899999999999999 5281061658 8299999999999999
158153143129115102 94 92 97108121132136134127116106 97 92 9310211813515127 530QL12 9136999999999999999999999 648 911817 9299999999999999
160161154141123104 86 75 73 82 99119135145146140130117106 99 9910912514427 531QL 036161133914699999999999999 740 721926 9899999999999999
159166165154135111 86 64 53 55 70 9512214415716015514212611210410511613427 6 1QL 119167144916199999999999999 822 52202310399999999999999
154168173168151125 94 63 40 31 40 64 9612915617117516715113211510711112527 6 2QL 2 0173154517599999999999999 9 1 31211310799999999999999
145164177180169145111 74 40 18 14 30 6210113916818418517415513411711111727 6 3QL 241180163418799999999999999 941 1322 011199999999999999
134156175186184166135 95 53 19  0  3 26 6510914917919319117615513311811427 6 4QL 3211871721194999999999999991023 -1224611499999999999999
124144166185193185161123 79 36  4-10 -1 28 7111715818519619017315113111827 6 5QL 4 219318 71969999999999999911 7-10233111699999999999999
118131152176192196182152111 66 25 -3-11  2 36 8012616418719318516714512727 6 6QL 4431961853193999999999999991153-12999999999999999999999
117120136159181194193175142101 59 22 -2 -5 12 47 9113316618518717715913827 6 7QL 526196193918899999999999999 0151161240 -799999999999999
122116122140162181190185165134 96 57 25  7  8 28 6310314016718017916815027 6 8QL 610190202518199999999999999 1 01161328  599999999999999
131117113122139159174180174155127 94 62 35 22 27 48 8011514616717617215927 6 9QL 7 118021 917699999999999999 1471131415 2299999999999999
141123112110118133150162167162147124 97 71 50 42 49 69 9712615216817216527 610QL 8 1167215117299999999999999 23910915 4 4299999999999999
150133116106104110122135147153152142125104 84 69 64 71 8911313715716816927 611QL 920154223117099999999999999 3431031555 6499999999999999
159144126110 98 94 97106119132142145140130115100 89 85 9110612614716317027 612QL1055145231117099999999999999 5 3 941654 8599999999999999
167155139120102 88 81 81 9010512113514314413812811710710310711913715516727 613QL1238144235417199999999999999 626 8018 210399999999999999
171166153135114 93 75 65 65 76 9411513314615115014213112011511712914516127 614QL1416152999999999999999999999 729 64191111499999999999999
170172166151131106 81 60 50 52 67 8911413715416216215314012812112413515127 615QL 042173152616399999999999999 819 49201412199999999999999
165174174166149124 95 67 45 37 44 63 9112014616517317116014413012312713927 616QL 136175161717499999999999999 9 3 37211012399999999999999
155169177177166144114 81 52 33 29 41 66 9713015817618117516014212712212827 617QL 228179165618299999999999999 944 28215912299999999999999
142159174182179163136101 67 39 24 25 43 7310814316918418417315513612312027 618QL 3151831731186999999999999991024 22224312099999999999999
129146165181186178156123 86 53 29 19 28 51 8512315617918718216614512711727 619QL 35618618 41879999999999999911 2 19232311699999999999999
119132152173187188173145109 72 42 23 20 35 6410113816718418517415513411827 620QL 4341891835186999999999999991139 19235911299999999999999
112119137160180190184163130 94 60 34 22 27 48 8111815217518317816314212327 621QL 5 819019 5184999999999999991214 22999999999999999999999
111110123144168184187175149115 81 51 32 27 39 6510013516317817916915013027 622QL 543188193618099999999999999 0331091247 2799999999999999
114106111128151171182179162134102 71 47 35 38 56 8511914917017817315813927 623QL 61818320 617899999999999999 1 71061319 3499999999999999
119106104114132153170175168148121 92 67 49 45 54 7610513515917317516514827 624QL 657175203717699999999999999 1421031350 4599999999999999
128111102104115133151163165156137112 88 68 58 60 74 9712314816617417015727 625QL 74216621 917499999999999999 2211011421 5799999999999999
138119105 99102113128143153155146129109 90 77 73 78 9311413715717017216427 626QL 838155214217399999999999999 3 8 991455 7399999999999999
148129112 99 94 97106120134144147141128112 99 91 90 9711012814716317217027 627QL 948147221817299999999999999 410 941537 8999999999999999
158141122105 93 86 86 9410812413714314113312311410810711212313815516717227 628QL1112143225917299999999999999 527 85163910799999999999999
167154136117 98 82 72 71 80 9711713414414714413813012412112313214515916927 629QL1254147234717299999999999999 638 70181012199999999999999
172166152133111 88 68 55 53 65 8711213415015815915414613713013013714916227 630QL1439159999999999999999999999 736 52193412999999999999999
172174168154132104 75 50 35 36 52 7910913715917117416915714413513313915227 7 1QL 047174154917499999999999999 828 34204413299999999999999
165176180174157130 95 60 32 17 21 41 7311014417018518717816214613413213927 7 2QL 155180163918799999999999999 918 17214513199999999999999
153170183188181159126 85 46 16  3 10 35 7311515318219519318016114213012827 7 3QL 25718817231969999999999999910 9  3223912799999999999999
138155176192197186159120 75 34  5 -6  5 35 7812416419120019417615413412227 7 4QL 35219718 32009999999999999911 0 -6232712199999999999999
123136159182199202188156113 68 27  0 -7  9 44 8913617419620018816714312327 7 5QL 4422031842200999999999999991149 -7999999999999999999999
113117136162187203203184150107 63 25  2  0 22 6010715018219719417815412927 7 6QL 529205191919899999999999999 0121121234 -299999999999999
110103113135163187200196176142102 62 29 13 18 44 8312716418719418516413927 7 7QL 617201195219499999999999999 0541031317 1299999999999999
114 98 96110134160181191185165135 99 65 40 32 43 7210914617518918817314927 7 8QL 7 8191202419099999999999999 136 951356 3299999999999999
123101 89 91107130153170177171154129100 74 58 57 7310113316218218717916027 7 9QL 8 3177205318799999999999999 220 881433 5599999999999999
135110 91 83 87102121141156162158145126105 88 80 8510212615217318418216927 710QL 9 7162212218599999999999999 3 9 831510 8099999999999999
148124102 86 80 83 9411112814114914814012811610710411012514416417818217527 711QL1023149215318299999999999999 4 9 80154910499999999999999
160139118 98 84 76 77 85 9911513013914314113713112612412914015516917717727 712QL12 9143223017899999999999999 526 75164612499999999999999
168153135116 97 81 71 68 75 8910612213614414914914614113813914615716817327 713QL1433149231917499999999999999 645 68181513799999999999999
172164152136116 95 76 63 59 66 8210112113815216016215714914314114615516427 714QL1544162999999999999999999999 749 59194414199999999999999
169170165154137115 90 68 53 51 60 7810012514716417217116315114113814215127 715QL 037170162317399999999999999 843 50205613899999999999999
161169173170158137110 81 57 44 43 56 7810613516017718117516114613413113627 716QL 2 7173165318199999999999999 931 42215213199999999999999
148162174179175159132100 69 46 35 39 57 8411714917418618417115313612512427 717QL 3 81791721187999999999999991014 35223612399999999999999
133149168182187177155122 87 57 36 30 40 64 9713416518518918016214112311527 718QL 3521871748190999999999999991053 30231311599999999999999
119134156177191190174144108 73 45 29 30 47 7811615217919018617014812611127 719QL 4291931813191999999999999991129 27234610799999999999999
107118140166187196188164130 93 60 37 28 37 62 9813716918819017815613211127 720QL 5 319618381919999999999999912 1 28999999999999999999999
100103121148175193194179150115 80 51 34 34 52 8412315818219118416514011527 721QL 53719619 219199999999999999 017 991230 3299999999999999
 98 93104128157181192187166135101 69 47 40 49 7511014617418918817314912327 722QL 611192192519099999999999999 048 931257 4099999999999999
100 88 91108135162180185175151121 90 65 52 54 7210113516518519018015913227 723QL 649186194919099999999999999 120 871323 5199999999999999
107 89 83 92113139161175175162139111 86 69 65 75 9712615517818818416814327 724QL 731177201418899999999999999 153 831349 6499999999999999
117 95 82 82 94115137157167164151130108 90 81 84 9912114716918318517515427 725QL 820167204018699999999999999 230 801416 8199999999999999
129104 86 78 81 9311213214915715514412811210210010612114016017618317916427 726QL 91915821 918399999999999999 315 781445 9999999999999999
142118 97 82 75 77 8710412213914814914213312412012012613815216617717917127 727QL1033150214417999999999999999 418 75152311999999999999999
155135114 95 79 70 69 76 9211112914214714714414113913814114715716717417427 728QL1228148223017599999999999999 540 68164413899999999999999
166153135115 94 75 61 55 61 77 9912013815115816015915515014815015616417027 729QL15 6161234817299999999999999 659 5519 414899999999999999
172168158142120 94 68 48 40 45 62 8811514016017317717316415414714615015927 730QL16 0177999999999999999999999 8 7 40204114599999999999999
168175176169151124 91 58 34 23 29 50 8111514817318818918016515013913614227 731QL 140176163819099999999999999 9 8 23214813699999999999999
155170183189182160126 86 48 21 10 18 44 8112316118819919517915813812512427 8 1QL 25918917121999999999999999910 4 10223812399999999999999
134154177195202192164124 79 39 11  2 15 48 9213817719920419217014412110927 8 2QL 3552021744204999999999999991054  2232110899999999999999
111129156185206211195162119 73 33  7  4 24 6311115719120620118115412410127 8 3QL 4442111814206999999999999991139  2999999999999999999999
 93102127161192211212192156112 68 32 13 17 45 8813617620120519116513310327 8 4QL 531214184220699999999999999 0 0 931219 1199999999999999
 83 80 98129164194208204182147106 67 38 28 42 7511816119120419717514411127 8 5QL 61720919 820499999999999999 037 791256 2899999999999999
 84 70 75 98131164189198191169137103 71 52 53 7410914818019920018415712427 8 6QL 7 4198193320299999999999999 114 691329 5099999999999999
 93 71 64 75100131159178183175155130103 82 74 8310713917019219919016813827 8 7QL 753183195619999999999999999 152 641359 7499999999999999
108 82 66 65 79101127149163167159145126109 99 9911313516118219419117615227 8 8QL 848167202119499999999999999 233 641427 9899999999999999
124 98 79 69 70 8210012013714815214813912912111912313615417218518818016327 8 9QL 955152204718899999999999999 322 68145411899999999999999
140118 97 82 74 74 82 9511112513614114314113913713714115016217317917716827 810QL1152143212017999999999999999 430 73152713699999999999999
153136118102 89 79 75 78 8810111512813714515015115114915015316016616916727 811QL151215122 816999999999999999 6 2 75172714999999999999999
161151139125109 93 79 71 72 80 9310912614115416216416015414914815115616027 812QL1547164999999999999999999999 726 70194014899999999999999
161160155146131112 91 73 63 63 72 8810913115216717417116215014113814114827 813QL 0 3161161217499999999999999 831 6221 113899999999999999
156163167165154134109 84 63 53 55 67 8911614316617918117115614012912713227 814QL 213167163618299999999999999 922 52214912699999999999999
144158171178173157131100 72 52 44 50 69 9713016018118818116414312511511627 815QL 3 917816581889999999999999910 4 44222511499999999999999
128147168184188177153121 87 59 41 39 52 7911415017719118817315012610910327 816QL 3481881720192999999999999991040 38225710299999999999999
110131157181195192174143107 73 47 35 41 64 98137170191194181158131107 9327 817QL 4221961741195999999999999991112 352327 9199999999999999
 94111139170193200190163128 92 61 41 38 53 85124161187197189167139110 8827 818QL 45520018 1197999999999999991140 372355 8199999999999999
 81 91118151182199199180149113 79 53 42 50 75112151182197195176148116 8927 819QL 52820118211989999999999999912 7 42999999999999999999999
 73 75 96128163189199190167134100 71 54 53 71103141174195198184158126 9527 820QL 6 3199184119999999999999999 024 721232 5199999999999999
 72 65 77104139170189192178152121 92 70 63 73 9813216518919819016813710427 821QL 63919319 119899999999999999 053 651256 6399999999999999
 77 62 64 83113145171184181165140113 91 79 81 9912615718119519317614811627 822QL 719185192219699999999999999 123 611320 7899999999999999
 87 66 59 68 90119147167175169153131111 98 9510412414917318819218115913027 823QL 8 4175194519299999999999999 156 591344 9499999999999999
101 77 63 62 73 9411814115816315814513011811211612714516417918718316814527 824QL 859163201118799999999999999 236 6114 911299999999999999
118 94 76 66 65 74 9111113114515115014313613113113614515716917817917215727 825QL1014152204118099999999999999 332 64143313199999999999999
137116 96 80 69 66 70 82 9911713314314714914914914915115516016617017016427 826QL2127171999999999999999999999 5 0 66999999999999999999999
153139123105 87 71 61 59 67 8310312314015216116516516115715415415616016227 827QL1525165233516399999999999999 639 59193015399999999999999
163159151136116 92 68 51 45 51 69 9311914416417718017516415214314014315027 828QL1551180999999999999999999999 759 4521 114099999999999999
160169173168151124 92 61 39 30 38 59 9012515718019118817515613812512212927 829QL 159173161719199999999999999 9 2 30214812299999999999999
145165183191184162128 89 53 28 20 31 59 9814017419519918816614011710310427 830QL 3 6191164320099999999999999 955 20222710299999999999999
120146175198206196167127 83 45 21 18 36 72117161192205199177147116 92 8227 831QL 35720617 9205999999999999991040 1623 3 8199999999999999
 90116151186210215198165122 78 42 23 27 54 96143183205207189159123 90 6827 9 1QL 4432161733209999999999999991120 212338 6399999999999999
 65 83118159195215214193157115 75 44 34 48 82127170200210199171135 97 6627 9 2QL 5272171757210999999999999991156 34999999999999999999999
 50 57 85125166197211205181147109 75 55 55 78115157191208205183149111 7527 9 3QL 611211182020999999999999999 013 501229 5299999999999999
 49 43 59 91131168192200190167138107 82 73 83111147181202206192163127 9027 9 4QL 655200184320799999999999999 047 421259 7399999999999999
 60 43 46 67100135164181184174154130108 95 9611314017019320319617414310927 9 5QL 74118519 520399999999999999 122 421327 9399999999999999
 78 56 48 56 7810613415616716715914412811611211913716118219419318015612727 9 6QL 831169192819599999999999999 159 48135311299999999999999
 98 75 61 59 69 8710912914515315314814013212812913815316918218617916314227 9 7QL 934154195318699999999999999 241 59141712899999999999999
118 98 82 73 71 78 9010612113314014414414314114114315015816717317216415127 9 8QL1138144202417399999999999999 339 71144014199999999999999
135119105 93 84 80 81 88 9911112313314214815115215215115115415716015815427 9 9QL1457152211116099999999999999 516 79171515099999999999999
146137127115103 90 81 78 81 9010311813314715716216115614914414314414714927 910QL1520163999999999999999999999 7 0 78195814399999999999999
151150147138124107 89 76 70 72 8310012014115916917116415214013112813113827 911QL 021151154117299999999999999 812 69205812899999999999999
148157161159147128104 82 66 60 65 8110413115517317917415914112411411412227 912QL 21116116 217999999999999999 9 2 60213411399999999999999
138155169174168150124 96 71 56 53 64 87117148172185183168146123105 9810327 913QL 3 0174162218699999999999999 942 5322 4 9899999999999999
121145168183185171146115 84 60 49 53 72103138168187190178154126101 85 8427 914QL 3371861641191999999999999991015 482233 8399999999999999
100127158183194189168137103 73 53 48 62 90126162187195187164133102 78 6927 915QL 4111951659195999999999999991045 4823 0 6999999999999999
 78104139173195200186159124 91 64 51 57 80115153183198194174142107 76 5827 916QL 4452011718199999999999999991113 512328 5699999999999999
 59 80115154186202198178146112 82 62 59 75106144177198200183153117 81 5527 917QL 5182031736201999999999999991139 582356 4699999999999999
 46 58 89129168194201190165134102 78 68 76100135169194202191165129 91 5927 918QL 55420117562029999999999999912 5 68999999999999999999999
 41 43 65102142176194194178152123 98 82 82 99128160187200196175142105 7027 919QL 631196181620099999999999999 025 391231 8099999999999999
 45 37 48 77114150176188183165142118100 94103124152178194196182155120 8627 920QL 711188183719799999999999999 055 371256 9499999999999999
 57 41 41 58 8712115117017617015413511911011212514616818519218516513610527 921QL 757176185919299999999999999 129 39132110999999999999999
 76 54 45 50 67 9312014415916315814713512712513114416017518318217015012527 922QL 854163192418499999999999999 210 45134612499999999999999
 99 76 61 54 58 72 9111313214515115114714214014114615416417117316915814227 923QL1023151195317399999999999999 3 7 54141414099999999999999
123104 86 72 63 62 69 8310011813314415015315415415315315415615915915715227 924QL14 1154204615999999999999999 438 62162815399999999999999
143132117100 83 69 60 61 71 8710712814515816516716315714914314114214615127 925QL1448167999999999999999999999 626 60201014199999999999999
154154148134114 90 69 54 51 59 7810413015417117817516514913412312012513627 926QL 031155151317899999999999999 747 50205512099999999999999
151165171167150124 93 65 46 42 53 78110143170185187176156132111 98 9811127 927QL 2 8172153718899999999999999 846 422130 9699999999999999
133159180190183161128 92 60 41 40 57 88126162187196188166137106 83 73 8027 928QL 3 619016 119699999999999999 934 3822 4 7399999999999999
104138172196204192165127 88 57 41 46 71108149183201199179148111 77 55 5327 929QL 3542041624202999999999999991016 402238 5199999999999999
 71105147184207210194162123 86 58 49 63 94135174200206192162123 83 51 3527 930QL 4392121648207999999999999991054 492312 3499999999999999
 42 71113157193211208188155118 85 65 65 87123163194209202177139 97 58 312710 1QL 5222121711209999999999999991129 622346 2499999999999999
 25 42 79124166196207199177146114 88 78 88115151185205207189155115 74 402710 2QL 6 420717352099999999999999912 2 78999999999999999999999
 23 27 52 91134169191196186164137112 96 95112142173197205196169133 94 582710 3QL 647197175820599999999999999 019 221232 9399999999999999
 34 26 38 67104140167182182171152131114107115135161185198196178149114 802710 4QL 731184182219999999999999999 053 2613 110799999999999999
 53 38 38 55 821131411601691671571431301211211321511711861901801591311022710 5QL 818170184719099999999999999 128 36132911999999999999999
 76 57 50 54 70 931161371501561551491401331301331441581711781751631441212710 6QL 916156191517899999999999999 2 7 5014 013099999999999999
 99 80 68 64 69 81 971141301401461481461421391391421481561631641601491342710 7QL1052148194716499999999999999 258 64144513999999999999999
118103 91 81 77 78 85 961091221331421471491491471441431441461491491471412710 8QL1320149204214999999999999999 419 7717 814399999999999999
133124113102 92 84 80 83 911031171311441531571561511431361321311341371402710 9QL1419157999999999999999999999 6 7 80194113199999999999999
141140134124111 97 84 77 77 86100118137153163165160148134122115115121131271010QL 0 0141144816599999999999999 728 76203111499999999999999
142149151146133115 96 80 71 73 84104127149165173169157138118103 97101115271011QL 147152151217399999999999999 822 7121 3 9699999999999999
133151162164155137114 91 73 66 72 90115142165178179166144118 95 81 80 93271012QL 240165153218099999999999999 9 4 662133 7999999999999999
117143165176174159135108 84 68 66 78103133161181186176154124 93 70 61 70271013QL 321177155118699999999999999 939 6522 1 6199999999999999
 94126158180188179158129100 77 67 72 93123155180192186165133 97 66 47 47271014QL 3581881610192999999999999991011 662229 4599999999999999
 67102141174193194179152121 93 75 72 86114147177194194176145106 68 40 30271015QL 4331961630196999999999999991041 712258 3099999999999999
 42 74116157187200194173144114 89 78 84106138170193199187158120 78 43 23271016QL 5102001651200999999999999991110 782328 2099999999999999
 23 47 86131170194199187164135108 90 88102129161187200195172136 94 54 25271017QL 5472001713201999999999999991140 872359 1599999999999999
 15 26 58100143176194193177153128107 97103123151178196198182152113 73 39271018QL 62719517371999999999999999912 9 97999999999999999999999
 18 17 36 71112150176186182166145125111109121143168187195188166133 95 60271019QL 71018718 219599999999999999 034 15123910899999999999999
 33 21 26 49 82118149169175170156140126120123137157175186186173149118 86271020QL 8 0175182918899999999999999 112 20131012099999999999999
 57 38 31 39 60 88117142158163160151140133131136148162173177172158137112271021QL 9 316319 017799999999999999 158 31134713199999999999999
 87 64 49 44 50 66 88112132147154155151145141140143149156161162158148133271022QL1034155194116299999999999999 258 44144714099999999999999
115 96 78 64 56 58 68 84104124140151156156152148143140140141144146147144271023QL1227156215014799999999999999 421 56174214099999999999999
138127112 94 78 65 61 66 80 99121141155163163158148137127121120124133142271024QL1335164999999999999999999999 558 61194112099999999999999
149150143129109 88 70 62 64 78100126149165172169158141121105 96 97108125271025QL 039150141217299999999999999 717 612025 9599999999999999
144159165160144120 94 73 62 66 83109138162177180170150124 98 78 70 77 97271026QL 2 3165144218199999999999999 816 6221 2 7099999999999999
125153173181174154126 97 74 65 72 94124155178188183163134100 70 50 48 64271027QL 3 118115 918999999999999999 9 4 652137 4799999999999999
 95131165187193182158128 98 77 72 85112144174192194178149111 73 42 28 35271028QL 351193153619599999999999999 947 712212 2899999999999999
 61100142176197199184157126 98 82 83102133165190200192166128 86 48 21 15271029QL 43620016 3200999999999999991026 802246 1599999999999999
 32 67110153185201198180152123 99 89 98122154183200200181147105 63 28 10271030QL 51920216302039999999999999911 2 892321  999999999999999
 14 39 79123163189198191171144119102100115142172194202192165126 84 45 18271031QL 6 11981657202999999999999991137 982355  999999999999999
 10 22 53 94135168187190180160136116107112132158183197196177145106 68 362711 1QL 6411911724199999999999999991210106999999999999999999999
 18 18 37 70108143168181179167149130116114124145169187192183159126 91 592711 2QL 722181175319399999999999999 030 16124211399999999999999
 36 26 33 55 86118146164171167155140127119122135154172183181166141111 822711 3QL 8 5171182218499999999999999 1 5 26131511999999999999999
 57 42 40 50 71 981241451571611561471361271241291411561681721661501281032711 4QL 853161185417299999999999999 142 39135312499999999999999
 80 63 54 55 65 831051251411511531501431351301281331411511571571511371202711 5QL 954153193415899999999999999 225 53144412899999999999999
101 85 73 67 68 76 901071241381461501491441381321301301341391431431391312711 6QL1110150203714399999999999999 321 66161812999999999999999
119106 94 84 78 77 82 931071231371471521511471401321251211201231281321342711 7QL1226152225213499999999999999 438 77183412099999999999999
131125115105 94 86 83 85 941091251411521571561491381251121041031081181282711 8QL1320157999999999999999999999 6 8 83194210299999999999999
136138135127115102 91 84 86 96113132149160164159147129109 93 84 85 971142711 9QL 056138135616499999999999999 718 842021 8399999999999999
132145150147137122105 92 85 88102122143161170169158138112 87 69 63 72 92271110QL 210150142517199999999999999 810 852054 6399999999999999
118141158164159145125106 91 86 94112136158173178169149120 88 60 45 46 65271111QL 3 1164145117899999999999999 853 862125 4399999999999999
 95128156173176167148125104 91 90104126152173184181163132 96 60 34 25 37271112QL 345176151618599999999999999 932 892156 2599999999999999
 66104142171185184170147122102 93 99117144169187190177149110 69 34 13 13271113QL 42518715431919999999999999910 8 932229 1099999999999999
 35 73116156183193187168143118102 98110134161184195189166130 86 44 13  0271114QL 5 51931611195999999999999991043 9823 4  099999999999999
 10 41 84129167190194183162137116104107124150176194197182151109 65 26  1271115QL 54619516411989999999999999911181032342 -599999999999999
 -3 15 51 96140173190189176154132115109118139164186197192170134 91 50 16271116QL 6291921712197999999999999991154109999999999999999999999
 -2  1 25 63106145173184181167147129117117129150172188192181155119 80 43271117QL 715185174619399999999999999 022 -3123211599999999999999
 16  5 12 38 74113146168176171158142128121124137156173183181167142109 75271118QL 8 5176182318499999999999999 1 6  5131312099999999999999
 45 24 17 27 51 83116144161167163152139128124128139153165171167154133106271119QL 9 216719 817199999999999999 154 1714 312499999999999999
 79 54 38 33 43 63 90118141156162158149138129125126133143150154153144130271120QL10 4162201515599999999999999 249 33151212499999999999999
110 89 69 55 51 57 74 96120141155160157149138127120117119124132138142140271121QL11 6160221514299999999999999 353 5117 311799999999999999
133120103 86 72 66 70 83102124144157162158149135121108100 98103113125136271122QL12 2162999999999999999999999 5 9 661848 9899999999999999
142141133119103 88 80 80 91110132151163166160147129109 90 78 75 82 99119271123QL 020143125016699999999999999 626 791947 7599999999999999
137149153147134117100 89 89100119142160171171161143118 91 67 54 53 67 91271124QL 153153133217299999999999999 732 882031 5299999999999999
118143160166161146126108 96 97110131153171179175159133101 69 44 32 38 59271125QL 3 1166141117999999999999999 827 952111 3299999999999999
 90124153172178170153131111101104120143165181185175152119 82 47 24 18 31271126QL 355178144918599999999999999 9161002149 1799999999999999
 60 97134164182185174154130112105112131155176189187170140101 61 28 10 11271127QL 44118615251909999999999999910 01052226  899999999999999
 32 67108146175188186172149126111108120142166185193184160123 82 43 15  4271128QL 522189155919399999999999999104110723 2  499999999999999
 14 41 80121157181189182164141121110112129153176191192176145105 65 30  9271129QL 55918916331949999999999999911191092339  599999999999999
  6 23 55 95135166183184173153132115110118138162183192185162127 88 51 24271130QL 63518517 6192999999999999991155110999999999999999999999
 11 15 38 72111146170179175161141123111112125146169185187173145110 74 432712 1QL 710180173818899999999999999 014 10123011099999999999999
 23 18 30 56 90125153169173164149131116110115131152171180176157129 96 652712 2QL 745173181118099999999999999 049 1813 411099999999999999
 41 29 31 47 74105135156166164154139124113111119135154167170161141115 872712 3QL 822167184617099999999999999 123 28134211099999999999999
 62 45 40 46 65 901181411561611571461321191121121211351481571561461281062712 4QL 9 1161192815899999999999999 158 40142511199999999999999
 83 65 55 54 63 811041261451551581521401281171111121181281371431421341202712 5QL 944158202414499999999999999 234 53152411199999999999999
103 86 74 68 69 79 941131321471551551481371251151081061091151241301321282712 6QL1029156215013299999999999999 317 67165410699999999999999
118106 95 86 82 84 91104121137150156155147135122109 99 93 941001101211272712 7QL1117157233712999999999999999 414 821828 9399999999999999
128124116108100 96 95100112127143154159156146133116 99 84 75 76 851011172712 8QL12 5159999999999999999999999 536 951927 7499999999999999
129135135130122113106103107118134149160163158145127104 81 63 54 59 75 972712 9QL 125135125216399999999999999 6571032010 5499999999999999
120137147149144134122112107112124141157167168159142116 87 59 39 34 45 69271210QL 245149133816899999999999999 8 11072049 3499999999999999
 99127149162163156142126114110117132150166175173159134101 65 34 17 18 37271211QL 340164142217599999999999999 8531102127 1599999999999999
 68105138163175174163145127114112122140160176183177156122 82 42 12 -1  7271212QL 42617615 318399999999999999 94011222 7 -199999999999999
 34 72114151176185180164143124113115128149171186190177148108 63 23 -4-12271213QL 5 818515441909999999999999910241122249-1299999999999999
  3 37 80125162184189180160139121112118135158180194192173138 93 47  9-14271214QL 54918916251959999999999999911 71122333-1799999999999999
-15  6 44 91135169187187174153132116111121141166187197189164126 80 37  2271215QL 63018917 5197999999999999991150111999999999999999999999
-15-10 16 57103144173185181165144124111111124146170188193181153115 72 33271216QL 712185174819399999999999999 018-16123310999999999999999
  4 -7  3 32 72115151174180172155135116107110125147169182183169142107 69271217QL 754180183318499999999999999 1 2 -7131710699999999999999
 36 13  8 22 52 90127156172173163145125109102107123142160169168155132103271218QL 836174192517099999999999999 147  714 410299999999999999
 72 45 30 30 46 74107137160169167154135117103 97103115131145153153144126271219QL 915170203115499999999999999 231 271459 9799999999999999
104 80 61 51 54 70 94122146162167160146127110 97 91 93102114127136140136271220QL 954167215914099999999999999 316 511612 9199999999999999
125110 94 81 75 79 92112134153164164155140122104 90 81 80 85 96110123131271221QL1034165234913399999999999999 4 8 751744 7999999999999999
133129121111102 97 99108125143157165163153137118 99 81 68 63 67 79 97114271222QL1117165999999999999999999999 515 9619 3 6399999999999999
128136139135128119113112119133148160166163152136115 91 69 52 46 51 67 89271223QL 15313912 816699999999999999 63511120 1 4699999999999999
112131145151150142131122119125137151163168165154135109 81 54 36 31 40 61271224QL 31915213 916899999999999999 7501192050 3199999999999999
 88116140157164161150135124120126139154166172168155131100 67 39 22 21 35271225QL 411164141217299999999999999 8521202133 1999999999999999
 61 93125152169174166150133121118126141157171177172153123 87 52 24 12 16271226QL 45017415 417799999999999999 9451182214 1199999999999999
 37 68104139165179177164144126115115126144164178182172146111 72 37 14  7271227QL 52318015471839999999999999910301132253  699999999999999
 18 44 81120154175182173155134116108112129151172185184166134 95 56 25  7271228QL 55418216251869999999999999911101082330  599999999999999
  7 26 58 98136166180178164143121106103113135160180188179154118 78 42 17271229QL 6231811659188999999999999991145102999999999999999999999
  7 15 41 77117152173179170151129109 98101118143168184184168138100 63 33271230QL 651179173218699999999999999 0 4  71218 9899999999999999
 15 14 30 61100136163175172157136114 98 93103124150172181174152120 85 53271231QL 71717618 518199999999999999 035 121250 9399999999999999
