 90121147163169165154139128124129141157169175172156128 92 53 20  1  1 1926 1 1QL 4 3169141117699999999999999 8561242130 -299999999999999
 51 89127157176182175159142128123129142160175183178158125 82 39  5-12 -926 1 2QL 454182151118399999999999999 9581232221-1499999999999999
 14 51 94136168185187175156137122118127144165183191183157118 72 28 -5-1926 1 3QL 53518816 21919999999999999910491182310-1999999999999999
-11 17 58105147177189185169147126113112125147172190195182151109 63 21 -826 1 4QL 61318916481959999999999999911331112355-1899999999999999
-18 -4 29 74120159182186176157134114103108125151176192192174141 98 55 1726 1 5QL 6471871730195999999999999991214103999999999999999999999
 -6 -8 12 49 94137168182179164142118101 95105127154177188182161127 88 5026 1 6QL 719183181118899999999999999 036-101252 9599999999999999
 19  5 11 37 76117152173178168149125104 91 91105129153171176167145114 8026 1 7QL 747178185317699999999999999 113  41329 8999999999999999
 49 28 23 37 66103137163174170155133111 92 84 8910612714715916015013010426 1 8QL 814174193716199999999999999 147 2214 7 8499999999999999
 77 55 44 47 66 94126153168171161142120100 86 82 8910412113614414413411826 1 9QL 840172202814599999999999999 217 431450 8299999999999999
 99 80 67 64 73 93118143161169164150130110 93 83 81 86 9711112212913012426 110QL 9 7169213313199999999999999 246 641546 8199999999999999
113101 90 85 87 97114134152164165156141122105 91 81 78 80 87 9810911712126 111QL 938166231012199999999999999 317 8517 7 7899999999999999
119115110106104107114127142155161159149135119103 89 77 70 70 76 87 9911026 112QL1014161999999999999999999999 3591041837 6999999999999999
118123125125123120120124133144153157154145133119102 85 69 59 57 64 77 9326 113QL 22512511 215799999999999999 5371201943 5799999999999999
109122132139140136130126127133142150154152146135119 99 76 57 45 45 55 7226 114QL 342140121315499999999999999 7221262034 4499999999999999
 92113132146153151143132125125130140149155156151138117 90 63 42 32 34 4926 115QL 416153134315699999999999999 8361242118 3199999999999999
 71 98124146160163155142128120120127140152161164156137109 77 47 26 20 2726 116QL 445163144616499999999999999 9311192158 2099999999999999
 48 76109139161170166152135120112115127144161172172158131 96 60 30 13 1126 117QL 51117015311739999999999999910141122236 1099999999999999
 26 53 89125155172174163144124109105113130153172182176153119 79 42 15  326 118QL 53717516 91829999999999999910511052311  399999999999999
  9 31 66107143168178171153130110 98 99114138164183187173143103 62 27  526 119QL 6 31781644188999999999999991126 972345 -199999999999999
  0 15 46 86128160177177163140115 96 88 97119148174189185163128 86 47 1626 120QL 6291791719190999999999999991159 88999999999999999999999
  1  6 30 67110148173180171150123 99 83 82 98126157180188177149112 72 3726 121QL 655180175618899999999999999 017  11233 8099999999999999
 13  8 22 53 93133164179176159134106 83 73 80102132160178180164134 98 6326 122QL 721180183518199999999999999 048  713 7 7399999999999999
 35 20 24 46 81119152173178167144116 89 71 68 80105134158170168150122 9026 123QL 747179192017199999999999999 118 191343 6799999999999999
 61 42 37 49 75108140165176172154128100 76 64 65 8010412914915815413811426 124QL 813176201215899999999999999 147 371423 6399999999999999
 89 69 59 62 78103131155170173161140113 87 68 60 63 77 9711813614414112926 125QL 840173211614499999999999999 217 581513 6099999999999999
112 96 85 82 89104125146162169165150128103 82 65 57 59 68 8510412013013226 126QL 9 9170224113299999999999999 248 821622 5799999999999999
127118111107108114124138152162164157142122101 82 65 53 50 55 69 8710511926 127QL 944165999999999999999999999 3221071755 5099999999999999
127131131131129129130135143152158158152141125106 85 64 46 37 39 51 71 9326 128QL 149131103415999999999999999 4531291920 3699999999999999
113129141148150147142138137140146152155153147134114 88 60 36 22 22 35 5826 129QL 352150121415599999999999999 7401372030 2099999999999999
 85113138156165164156145135130132139148157162159146121 88 53 23  7  7 2326 130QL 427166141416299999999999999 9131302129  599999999999999
 51 86121151170176170155138125118122133149165175173155123 83 43 11 -5 -226 131QL 45717615211769999999999999910101182220 -699999999999999
 20 54 96136166181180166146124109104113131155177187181157118 74 32  1-1126 2 1QL 525183161018899999999999999105110423 5-1199999999999999
 -2 27 68114154179185175154129106 92 92109135165187194181151109 63 23 -326 2 2QL 5511851652194999999999999991128 902344 -999999999999999
 -9  9 45 92137170185181163136108 86 77 86110143173192192173138 96 53 1926 2 3QL 61618617311959999999999999912 1 77999999999999999999999
  0  5 32 74120158181184170145115 87 70 69 86116150177189182158123 83 4726 2 4QL 63918518 818999999999999999 019 -11233 6799999999999999
 21 14 29 63106146174184175153124 93 70 60 67 91123154174178166140108 7426 2 5QL 7 1184184617999999999999999 049 1313 5 5999999999999999
 46 32 36 60 96135165181178161133103 76 59 57 72 98127151164163148124 9726 2 6QL 722182192416599999999999999 117 311336 5699999999999999
 71 54 51 65 92126156175179167143114 86 65 56 61 7910212614315014613211226 2 7QL 74317920 615099999999999999 141 5014 9 5699999999999999
 92 76 70 75 94120147167175169151125 99 77 63 60 67 8310212013213613112026 2 8QL 8 5175205613699999999999999 2 3 701447 6099999999999999
107 96 89 90100117138156168167156136112 91 75 66 65 71 82 9611011912212126 2 9QL 82916922 612399999999999999 223 881539 6599999999999999
116110107107111119132146157161156143125107 91 79 72 68 70 77 87 9810711326 210QL 858161999999999999999999999 2351061710 6899999999999999
117119121122124126130137145151151145135122109 96 84 74 66 63 67 76 87 9926 211QL 9351529999999999999999999991855 63999999999999999999999
110121129135137136133132134138142143140134126116102 86 70 57 51 54 64 7926 212QL 4 2137104114399999999999999 65113220 9 5199999999999999
 97115131144149147140132127126130135140142142136123104 81 59 43 38 42 5726 213QL 413149132314399999999999999 83712621 3 3899999999999999
 78102127147158158150136124117116123133144152154145126 99 70 44 28 25 3426 214QL 432159144115499999999999999 9321162146 2499999999999999
 55 84116144162167160144125110104107120138156167166150122 88 54 28 14 1626 215QL 45316715261689999999999999910 91042224 1399999999999999
 33 63100135162174170153130108 94 91102124149171180172148112 73 38 14  526 216QL 51417416 4180999999999999991042 912257  599999999999999
 15 43 81123157176178163139111 88 77 82103133164185188171139 98 58 24  526 217QL 5351791640189999999999999991113 772329  399999999999999
  6 26 63107147175183173149119 89 68 64 79109146177193188164126 84 45 1726 218QL 5561831717193999999999999991144 63999999999999999999999
  7 18 48 91134168185181160129 95 66 51 56 82119157184193181151113 73 3926 219QL 618186175519399999999999999 0 0  71215 5099999999999999
 19 20 41 79121159182185170141105 71 47 41 56 88127162183185168138102 6726 220QL 640186183618799999999999999 029 171247 4099999999999999
 42 33 44 72111148175185176152118 82 52 35 38 61 95132161175172154126 9526 221QL 7 2185192017699999999999999 058 331321 3499999999999999
 70 55 56 75105138166181179161131 97 64 41 32 42 66 9812915216115614011826 222QL 72418220 916199999999999999 125 531358 3299999999999999
 96 81 76 85105132156173177166143113 82 56 39 36 47 69 9512013714514113026 223QL 74717721 914599999999999999 151 761442 3699999999999999
116105 99101112130148163170167152129103 78 58 46 43 50 66 8610512012812926 224QL 810171224113099999999999999 213 991545 4399999999999999
126122119120124133143153160161154140122103 84 67 55 48 49 57 72 8810411626 225QL 836161999999999999999999999 2221191724 4799999999999999
124130134137139140142144147149148144136126113 97 79 61 47 41 44 56 73 9226 226QL 9121499999999999999999999991910 41999999999999999999999
111128141150153150145139135134135138140141138129112 88 63 42 30 30 42 6226 227QL 359153125114199999999999999 8501342028 2899999999999999
 88115139156164162152138126118118123133145155156145122 91 58 32 18 19 3426 228QL 415164143615799999999999999 9371172126 1699999999999999
 62 95129156170172161142122106 99102117137158171171155124 87 50 22  9 1426 3 1QL 43417315301739999999999999910 9 982212  899999999999999
 37 73112148172179170150124100 83 81 93118147173186180156119 78 40 14  726 3 2QL 4551791612186999999999999991040 802250  699999999999999
 21 52 94136168182178159131100 75 63 70 93126161186192179148108 67 32 1226 3 3QL 5151831650193999999999999991110 632324 1099999999999999
 15 39 78122160182184168140106 75 54 50 67100139173191190169135 95 57 2926 3 4QL 5351861726193999999999999991140 492355 2099999999999999
 20 34 67110150178187176150115 80 52 39 47 74112151178189180155120 84 5326 3 5QL 55518718 11899999999999999912 8 39999999999999999999999
 35 38 62100140172187181159126 90 58 37 35 53 86124157177179164138107 7726 3 6QL 614187183718099999999999999 022 331237 3399999999999999
 55 49 63 94131163183184167137102 68 42 32 40 65 99133158169165148123 9826 3 7QL 633186191316999999999999999 048 4913 4 3299999999999999
 76 66 71 92123153175182172147114 81 54 37 37 52 7810813515215614913311326 3 8QL 653182195115699999999999999 111 651333 3599999999999999
 95 83 83 95118144165176172154126 96 68 49 42 48 64 8711113014114213512226 3 9QL 714176203514399999999999999 133 8114 3 4299999999999999
109100 97102116135154166167156135110 85 65 54 52 59 73 9010812112812912526 310QL 736168213512999999999999999 152 971442 5299999999999999
118113111113120131143154158154140122101 84 71 64 63 67 75 87 9910911612026 311QL 8 1158999999999999999999999 2 51111545 6299999999999999
121122123125127131136142146146140129116103 91 81 73 68 67 70 77 87 9810826 312QL 8291479999999999999999999991750 66999999999999999999999
118126132136137135133133133135134131126120112102 90 77 66 59 59 65 77 9226 313QL 342137 92113599999999999999 6521331933 5899999999999999
108124138146147143135127122121123127131133131125112 94 74 57 47 46 55 7226 314QL 343147131113399999999999999 8471212035 4699999999999999
 93117138153157152140125113106107115127139147146136116 90 65 44 34 36 5026 315QL 358157142914899999999999999 9221062120 3399999999999999
 75105134156166163149128108 93 89 97114135154164160142114 82 52 31 24 3226 316QL 416166151416499999999999999 951 892158 2499999999999999
 56 89124154172173159135108 84 72 74 92120150172179168142107 70 40 22 2126 317QL 4341741554179999999999999991020 712232 1999999999999999
 39 72111149174181170145113 81 58 52 66 95133167187188169137 98 60 32 2026 318QL 4531811632190999999999999991049 5223 5 2099999999999999
 29 57 97139171186180157123 85 53 35 39 65105147181196190165128 89 54 3226 319QL 5141861712197999999999999991120 342337 2899999999999999
 30 49 84126164186188169136 95 56 28 19 35 71116159188197184156119 83 5426 320QL 5351901753197999999999999991152 19999999999999999999999
 42 50 77115154181190179150110 68 32 11 13 39 81127165187189173145112 8226 321QL 557190183619199999999999999 0 8 411225  999999999999999
 63 61 77108144173188184162127 85 46 17  6 18 49 9013116217817515913510926 322QL 619189192217999999999999999 038 5913 0  699999999999999
 88 79 86107136163181184170142105 67 35 14 12 28 59 9512915216315914612826 323QL 641185201316399999999999999 1 6 791338 1099999999999999
111100100111131153171178172153124 91 60 36 23 24 40 65 9411913714514413626 324QL 7 3178211914699999999999999 133 981424 2299999999999999
127119116120131146159167166156137113 88 65 47 38 38 48 66 8610612113013426 325QL 726168232813499999999999999 1581161527 3799999999999999
134132131132135141148153154150141128112 96 79 64 53 48 51 61 75 9210812126 326QL 747154999999999999999999999 21213117 8 4899999999999999
131138142143142140139138138137135133128122111 97 80 63 52 48 52 65 8210226 327QL 3 11439999999999999999999991857 48999999999999999999999
121137148153151144135126120118121126133138137129113 90 67 49 41 44 58 8026 328QL 314153132813899999999999999 8551182013 4199999999999999
105130150160161152136119105 98 99109125141153155144122 93 65 44 35 41 6026 329QL 332162143915699999999999999 919 9721 6 3599999999999999
 88119146164169161142119 96 81 77 86106132156169168152123 90 59 38 33 4526 330QL 351169152617199999999999999 947 762148 3399999999999999
 71106139165176171152124 95 70 58 62 82112145171182175151118 83 53 36 3826 331QL 41017616 6182999999999999991016 572224 3599999999999999
 59 92129161179179162134100 68 46 41 56 87125160183187173145110 75 50 4126 4 1QL 4301811643188999999999999991044 402256 4199999999999999
 52 81119154179185172145109 73 43 28 34 61100140173189185165134100 70 5226 4 2QL 4501851719190999999999999991113 282326 5099999999999999
 53 74108145174187180156121 82 47 24 21 39 73116154180187177153123 92 6926 4 3QL 5 91871754187999999999999991141 192355 6199999999999999
 61 72100136167185185166134 95 58 29 16 24 51 90130162179179164140112 8826 4 4QL 52918818291819999999999999912 8 16999999999999999999999
 74 76 96126157179185173146109 72 40 20 19 36 6810614016417316715012810526 4 5QL 55018619 517399999999999999 022 731235 1799999999999999
 89 85 95119147170181176155123 87 55 31 22 30 53 8411714415916215313811926 4 6QL 611182194316299999999999999 047 8413 3 2299999999999999
103 96 99115137159173174160135103 72 47 33 33 45 68 9512114015014914112826 4 7QL 634175202615099999999999999 112 951333 3199999999999999
116108107115130147161167160143117 90 66 50 43 46 59 7810011913213813813226 4 8QL 658167212313999999999999999 13710614 9 4399999999999999
125119116119127138149156155145128107 86 69 58 55 58 68 82 9711212212913126 4 9QL 724156231313199999999999999 2 311615 0 5599999999999999
131129127126128132137142144141132119105 90 78 70 65 65 69 78 9010311512526 410QL 755144999999999999999999999 2471261633 6499999999999999
132136137136133130129129130131130126120111101 90 79 70 64 65 71 83 9811426 411QL 158137 9 513199999999999999 6291281828 6499999999999999
128139145146141133124117114115119125129129124114100 83 69 59 57 64 79 9926 412QL 236146123212999999999999999 8121141944 5799999999999999
120139152156152140124108 98 95101114128140144139126106 83 64 51 50 61 8226 413QL 25815614 014499999999999999 846 952036 4999999999999999
108135155165163149128104 85 75 78 93116139156161153134107 80 57 46 49 6626 414QL 319166145416299999999999999 916 742119 4599999999999999
 94126154171173161137106 77 57 52 65 92125155174177163137106 75 53 45 5526 415QL 340174153917899999999999999 947 522158 4599999999999999
 80114147172182173149115 78 47 30 34 59 97139172189187168137103 73 54 5226 416QL 4 21821623191999999999999991018 292235 5199999999999999
 70101138169186185164129 87 47 18 10 25 61108153185198190167135101 74 6126 417QL 42518817 7198999999999999991052  92311 6199999999999999
 68 92127161185192178146104 59 20 -2 -1 26 70119163191198187162131101 8026 418QL 4491921752198999999999999991126 -52345 7499999999999999
 75 89117151179193188163125 79 35  2-12  0 33 8012816618819117815412710326 419QL 51519418391929999999999999912 3-12999999999999999999999
 90 93112140169188191176145104 60 22 -4 -9  9 45 8913116317917916614612626 420QL 541192192918199999999999999 020 891243-1099999999999999
109104113133157177186181160127 89 51 20  2  4 24 57 9412815316516415514126 421QL 6 9186202616699999999999999 0541041326  199999999999999
127118118128146163175176166144115 83 53 29 17 21 38 65 9512114115115214726 422QL 638177213915399999999999999 1291171417 1799999999999999
139131127129137149159164161150132110 86 63 45 36 37 50 69 9211313014114526 423QL 710164232014599999999999999 2121271522 3599999999999999
144141136133133136141145147145138128113 97 79 64 53 50 57 70 8810712413726 424QL 756147999999999999999999999 3301331648 5099999999999999
144147145140134129126125126129131132130123112 96 79 65 58 60 70 8710612526 425QL 1 2147105413299999999999999 6501251820 5899999999999999
141150153149140128116107104107114125134139137127110 90 72 62 61 72 9011226 426QL 154153131413999999999999999 8 31041932 6099999999999999
134150159158148132113 96 85 83 91107126142152151139119 95 75 63 64 77 9926 427QL 225159142415399999999999999 840 822026 6299999999999999
125147162166159141118 92 72 62 66 83108134155165161145122 96 75 65 70 8826 428QL 251167151516599999999999999 913 622110 6599999999999999
115142163173169153127 96 68 48 45 57 84116147168175167147120 93 75 70 8126 429QL 315173155717599999999999999 944 442148 6999999999999999
104133159176178165139106 71 43 30 35 58 93130161179181168144116 91 76 7826 430QL 3381791637182999999999999991014 292224 7599999999999999
 96123152175183175152118 81 47 24 20 35 67107145173185181163137110 89 8126 5 1QL 4 21831714186999999999999991043 192257 8199999999999999
 91114143169184183164133 95 57 27 13 19 45 83124158180186176155129105 9026 5 2QL 4261861749186999999999999991112 132329 8899999999999999
 90106133160180186174147110 71 37 15 12 28 6010013816718118016614412010226 5 3QL 4501861825183999999999999991142 11999999999999999999999
 95102123149173184180159126 89 53 25 13 19 42 7711514816917717015413411426 5 4QL 51518519 017799999999999999 0 0 951211 1399999999999999
102102116138162178181168141106 71 41 22 19 33 59 9312615216616815914312626 5 5QL 541181193816999999999999999 0291011242 1899999999999999
112106113129149167176171152123 90 60 38 27 31 48 7410413115015915814813526 5 6QL 6 8176202016099999999999999 0591061315 2799999999999999
122113113122138154166167157136109 81 57 41 37 44 62 8511013214615214914126 5 7QL 637168211115299999999999999 1301121352 3799999999999999
131122118120129141152158155143123100 78 60 50 48 56 72 9111212914114614526 5 8QL 711158221714799999999999999 2 91181438 4899999999999999
140132126122124130137144146143133117 99 82 68 60 59 65 77 9311112713914626 5 9QL 758146233414699999999999999 3101221540 5999999999999999
146142135128123121122126131134134129119106 92 79 70 67 69 79 9311112914226 510QL 930135999999999999999999999 5 912117 5 6799999999999999
150151146137127117110107110117125132133128117104 90 78 71 71 79 9511513526 511QL 039151114113399999999999999 6591071830 7099999999999999
150157157149135118101 90 87 93106123137144142132117100 84 74 73 8210112426 512QL 125158131814499999999999999 751 861937 7299999999999999
145161166161146124100 78 65 65 78101127148159158147129107 88 76 76 8911126 513QL 2 0166142716099999999999999 831 632031 7599999999999999
137159172173160136106 74 49 38 45 69102136162175174160138113 92 81 8310026 514QL 232174152417699999999999999 9 7 382119 8099999999999999
126153174182175153120 81 45 21 16 32 66107147176189185168143117 96 87 9426 515QL 3 3182161619099999999999999 945 1522 3 8799999999999999
115143169186187171140 99 55 19 -1  1 27 68115158186197190171145119101 9726 516QL 33518917 5197999999999999991024 -32246 9699999999999999
108132160183194187162123 77 33  0-14 -4 29 7512416519119818916914412110726 517QL 4 819417551989999999999999911 5-15232710599999999999999
107123148174192195181150107 60 19-10-17  0 36 8313016718919318316314112226 518QL 4431961845193999999999999991148-18999999999999999999999
113118136160182194191171136 94 50 14 -9-10 10 47 9113316518218317315613826 519QL 519195193718499999999999999 0 91131234-1299999999999999
123119127145166183189181158125 86 48 18  2  4 25 60 9813415917217316414926 520QL 557189203117499999999999999 0511191322  099999999999999
134124123132148165176178168147118 85 54 29 18 22 42 7210413315416416415626 521QL 639179212816599999999999999 1361221413 1799999999999999
144132124124132144156163163155138115 89 64 45 37 42 58 8311013315015815826 522QL 730164222415999999999999999 22912315 8 3799999999999999
150140129122121125133141147149144133117 98 78 63 56 59 73 9311513615015626 523QL 847149231815799999999999999 3411211610 5599999999999999
155148137126117112112117124132137138134123109 93 79 72 74 8510212214115326 524QL1043139999999999999999999999 5251121718 7299999999999999
158155146134120107 98 95 99108120131138139133121106 93 85 85 9511213114826 525QL 0 6158123513999999999999999 656 951828 8499999999999999
159162156145128109 92 79 76 82 97115132143147143132117103 94 9410412114126 526QL 05016214 014799999999999999 751 761929 9299999999999999
157165165156140118 94 73 60 60 72 92116138153158154141124108 9910111313226 527QL 12916715 315899999999999999 832 582022 9899999999999999
151165171167153131103 75 53 43 49 68 9512414916416916214612711110310712226 528QL 2 7172155216999999999999999 9 8 4321 910399999999999999
142161173176166145116 84 55 35 32 45 7110413616117517616514712611110611426 529QL 243176163417799999999999999 942 31215210699999999999999
131152170179176160132 98 64 36 23 27 49 8111715017318317916414212211010926 530QL 3161801711183999999999999991016 22223210899999999999999
122142163179183173149115 78 45 23 18 30 58 9413116218118517615713511810926 531QL 3491831746185999999999999991049 1723 810999999999999999
114131153173184182164134 97 60 31 16 19 39 7110914517118418116814712711326 6 1QL 4211851820184999999999999991122 15234311099999999999999
111121141163180186176151116 79 46 23 16 26 52 8712415517518117315713712026 6 2QL 4521861854181999999999999991155 16999999999999999999999
111114129151171184182165135100 65 37 22 22 38 6710213616217517416414712826 6 3QL 524185192917699999999999999 0161111229 2099999999999999
115111119137158175181173151120 86 56 34 26 32 53 8311614516417116715413826 6 4QL 55618120 617199999999999999 04911113 4 2699999999999999
122113114125143161173173160137107 77 52 37 34 46 68 9712615016416716014726 6 5QL 632175204616799999999999999 1251121340 3399999999999999
131118113116128144158165162148126 99 74 54 44 46 60 8310913415416416415526 6 6QL 713166212916599999999999999 2 71131419 4499999999999999
141127116112116126139150155152139120 97 76 61 56 60 75 9511914115716416226 6 7QL 8 8155221416499999999999999 25811215 3 5699999999999999
151137123112108110118129139145145136120102 85 74 70 75 8710612714716116526 6 8QL 925146225816599999999999999 4 91081557 7099999999999999
160148133118105 98 97103115128139143138127113 99 89 85 87 9811513515316526 6 9QL1058143234316899999999999999 536 9717 8 8499999999999999
167160146128109 92 81 79 86101120136146147140128116105 98 9810712414316026 610QL1234147999999999999999999999 647 781827 9799999999999999
170170160142120 96 74 59 57 68 8911513915415915614613211810910711613215226 611QL 02817114 415999999999999999 741 56193910799999999999999
168176173160137109 78 51 35 36 53 8111414416417417216114512811711512414126 612QL 116176151917499999999999999 829 33204111499999999999999
160175182177159130 95 58 28 14 19 42 7711615117618718417215313512212113126 613QL 2 5182161918799999999999999 916 13213712099999999999999
149169184189180157121 80 40 10 -2  8 36 7712115918519619117615613612512526 614QL 25418917111969999999999999910 3 -2222912399999999999999
137156177192194181152112 67 26 -3-11  4 37 8112716519019919217515313512526 615QL 34219518 0199999999999999991052-11231912499999999999999
127142163184197197179146103 57 18 -7-11  7 43 8913417019219618616814713026 616QL 4291991846196999999999999991141-12999999999999999999999
122128145168188199195173138 95 52 17 -4 -4 18 5510014217318918917715813826 617QL 514200193019199999999999999 0 51221229 -799999999999999
123118127147169188195187164130 91 52 21  6 11 35 7211415017418418016614726 618QL 6 1195201018499999999999999 0501181316  599999999999999
128115114126146166181185176154124 89 56 32 23 32 57 9212815717417817015526 619QL 649186204817999999999999999 13411314 0 2399999999999999
135118109111123141158170172163144119 90 64 47 44 56 8111214116317417216126 620QL 743172212217599999999999999 2201081442 4399999999999999
144125110103106117132146156158151137117 95 76 66 67 8110312915216817216626 621QL 847158215517299999999999999 3131031524 6599999999999999
153135117104 97 99107119132142146143133119104 92 86 8910212114316017017026 622QL10 6146222917199999999999999 418 9716 9 8699999999999999
161146128111 98 90 89 9510611913113814013512711710810410711813415216517126 623QL114114023 717199999999999999 539 8817 710499999999999999
167157141124106 90 80 76 82 9411012513714214213813112311812012914315716726 624QL1333143235117099999999999999 652 76181911899999999999999
170165154138119 99 80 67 64 71 8710712514115015415114313412712713414716026 625QL15 2154999999999999999999999 748 63193212699999999999999
168170165153135112 88 67 54 53 64 8410813115016216616115013813012913714926 626QL 045170155616699999999999999 834 52203412899999999999999
161170172166152130102 74 52 42 45 62 8611414116217417516615213712812913726 627QL 146172163617699999999999999 915 41212812799999999999999
151164174175167148120 89 60 39 33 42 64 9312515317418217816514713212512726 628QL 242176171018399999999999999 955 33221412499999999999999
139155170180179166140108 73 45 29 28 43 7010413816618318617615813912512126 629QL 3271811741186999999999999991033 27225512199999999999999
127143162179186180160129 92 59 34 23 28 50 8211915317718718316814812911826 630QL 4 61861811187999999999999991110 23233111699999999999999
118129149171187189177150114 77 46 26 21 34 61 9813516618318617615713611926 7 1QL 4421901840187999999999999991146 21999999999999999999999
112117134158179191187168136 99 64 37 23 26 46 7811615117518518116614512426 7 2QL 517192191018699999999999999 0 51121220 2299999999999999
110108119141165184190179155121 85 54 33 26 37 63 9813516418118417315413226 7 3QL 552190194018499999999999999 0401071253 2699999999999999
113103107123147169183183168141108 76 49 35 37 54 8411915117418317916314226 7 4QL 630185201018499999999999999 1151031325 3499999999999999
120104 99107126148168177173156130 99 72 52 45 54 7610613716417918217215226 7 5QL 714177204018399999999999999 152 991357 4599999999999999
129109 96 96106125145161168163146122 97 75 62 62 75 9812515217218117716226 7 6QL 8 6168211218299999999999999 234 951431 6199999999999999
141118100 90 91102119137152159155141121101 86 79 83 9711814116317718017126 7 7QL 9 9159214518099999999999999 324 8915 9 7999999999999999
153130109 92 83 83 9210712614215115114112711410410010511613315216917817726 7 8QL1026152222117999999999999999 429 82155710099999999999999
164145123102 84 73 70 77 9311413314615014714013112412112313114415917217826 7 9QL12 015023 517899999999999999 547 70171212199999999999999
173161142119 96 75 60 54 61 7810212614415415815615014313713513915016217326 710QL14 5158999999999999999999999 658 54185113599999999999999
177173161143118 91 64 44 36 44 64 9212114516317217316715714714114315116326 711QL 0 2177153717399999999999999 8 1 36201814199999999999999
173179177167147118 84 52 28 20 29 53 8511915017318518617716314914114114926 712QL 119179163318799999999999999 859 20212914099999999999999
162175185186175151116 77 40 15  7 18 46 8312315918519619318016214513513526 713QL 237187171619699999999999999 954  7222913499999999999999
145162180193195182153113 69 31  6  0 14 46 8813317019320019217515313512526 714QL 3391961755200999999999999991048 -1231812499999999999999
128142164187201202184150107 63 25  2 -1 19 5610114618019819818516314012126 715QL 4312041830200999999999999991137 -2999999999999999999999
114121141168192206202180144101 58 23  5  8 34 7412016118919819117214812326 716QL 51820719 219899999999999999 0 11141221  399999999999999
107104117142171194203195171135 95 56 27 16 27 58 9914217519319317915613026 717QL 6 4203193119599999999999999 04010313 0 1699999999999999
107 94 98116143170189194183159126 90 58 38 36 54 8712616118419218416413926 718QL 649194195719299999999999999 118 941336 3499999999999999
113 94 87 96116142165179180168146118 89 66 56 62 8511715017618918717214926 719QL 736181202219099999999999999 156 8714 8 5599999999999999
123100 86 84 95115137155166165154136114 94 80 78 9111414116718318717815826 720QL 828167204718799999999999999 236 831437 7799999999999999
134111 92 83 84 94111129144152152144131116104 9910311613615817518418116726 721QL 928153211318499999999999999 323 8215 7 9999999999999999
146124104 90 82 83 9110411913314114313913212512011912313515016617717917226 722QL1048143214417999999999999999 425 82154411899999999999999
157138120103 90 81 79 85 9611012413413914114113913613513714515616617317226 723QL1315141222317399999999999999 547 79165613599999999999999
164151136120103 88 77 72 76 8710311813114215015315314914514314715516216726 724QL1521154232116799999999999999 7 3 72184714399999999999999
166161151138121102 83 69 63 67 80 9811713515116216616315514714314415015726 725QL16 3166999999999999999999999 8 4 63201514299999999999999
163165163155141121 97 74 58 53 60 75 9712114516417517516715414313713814526 726QL 1 1165163317699999999999999 856 53212013799999999999999
155164170170161142115 87 62 47 44 54 7510213215917718317816414713412913226 727QL 22917117 018399999999999999 942 4322 712999999999999999
143157171180178163137105 73 49 36 38 53 8111414717418718617315513612312026 728QL 3201801726188999999999999991023 35224612099999999999999
128145165182189182159127 91 59 36 28 36 60 9413216518619118216314112211126 729QL 4 018917511929999999999999911 0 28232011199999999999999
114129152177193195179150113 76 46 28 27 43 7511415218119319017314912510726 730QL 4361961815194999999999999991134 25235210199999999999999
101111134163187199194171136 98 62 37 26 34 59 9713817219219518215813110726 731QL 51220018391969999999999999912 5 26999999999999999999999
 93 95113142172193199186158122 85 53 34 33 50 8312316118719618916814111226 8 1QL 54819919 319699999999999999 024 921235 3199999999999999
 91 84 94118150178194193175145109 76 51 41 49 7511114917919519417815112126 8 2QL 627195192719799999999999999 056 8413 4 4199999999999999
 95 79 79 96124154177188182162133101 74 58 58 7410313816919019518516213326 8 3QL 7 9188195119599999999999999 129 771332 5699999999999999
103 81 71 78 98126153172179171151126100 81 74 8210213015918219318917214526 8 4QL 758179201619399999999999999 2 6 7114 0 7499999999999999
116 89 72 68 78 98122146162167160144125107 97 9710812815117218618917915826 8 5QL 854167204319099999999999999 248 681430 9699999999999999
131104 82 69 67 75 9211413515015615314313112211812113114716317818518216826 8 6QL10 5156211318599999999999999 342 6615 211899999999999999
147123100 81 69 64 69 8210112213814715014714414114014214815716717617917426 8 7QL1153150215317999999999999999 5 0 64155214099999999999999
162144124104 84 67 58 58 68 8610812714215215816016015715415415816417017226 8 8QL151216023 217299999999999999 630 56183115499999999999999
170162150133111 87 64 48 44 53 71 9512014316117317717316615715215115516226 8 9QL16 1177999999999999999999999 749 44203415199999999999999
168172171162144118 86 57 36 30 38 60 8912115117418718817916515114113914526 810QL 122172163418999999999999999 856 30214413999999999999999
156170181185176154121 83 48 25 18 29 55 9113016518819719117515513612512526 811QL 25118517 419799999999999999 953 18223112499999999999999
136155177194199186158119 77 40 17 12 28 6110414718119920018616313811710726 812QL 3481991731201999999999999991043 11231010799999999999999
113132159187206207189155113 69 34 14 16 39 79125167195203194172144116 9726 813QL 4352091757203999999999999991125 122345 9299999999999999
 92106133167196211207184147104 63 32 20 31 62106151185202200181153122 9426 814QL 51821218212039999999999999912 3 20999999999999999999999
 79 83105138173199208198172136 96 61 38 36 56 93136174198202189163131 9926 815QL 559208184320399999999999999 019 781236 3499999999999999
 76 69 81110144176196198184158125 91 64 52 61 8812616319120119417214210926 816QL 64019919 520299999999999999 052 6913 6 5299999999999999
 81 65 67 86116148173186184168144116 91 75 74 9112115418219819618015312126 817QL 722187192619999999999999999 125 641332 7299999999999999
 92 71 63 72 93120147165173168154134113 98 9210012014717319119518516313526 818QL 8 6173194719599999999999999 159 631357 9299999999999999
106 83 69 68 79 9912114115415915414313011811111312414216418118918517014726 819QL 857159201118999999999999999 236 67142011099999999999999
121 99 82 74 75 8510011713314314714513913312812813214215516917918017215626 820QL10 6147203818199999999999999 323 74144112799999999999999
136116100 88 81 80 86 9611012313213814114214214214314615115916717116916026 821QL2112171999999999999999999999 437 80999999999999999999999
147133119106 94 85 80 81 8910011312513614515215515515315115115415816115926 822QL153215622 916199999999999999 618 80182615199999999999999
154147138126112 97 83 74 73 79 9110712414015516416716315614814514514815226 823QL1553167999999999999999999999 740 72202214499999999999999
155156154147133115 94 75 64 62 70 8510613015216817617416315013913413414126 824QL 051156161417699999999999999 841 61212113399999999999999
150160166165155136111 84 63 51 52 64 8611414316818218317315613812512112626 825QL 227167163618499999999999999 928 50215912199999999999999
138155171179176159132100 71 50 40 46 66 9613016218319018216414212110910926 826QL 31517916571909999999999999910 7 40223110799999999999999
121143167185191181156122 87 57 38 35 49 77115152181195191174148122101 9326 827QL 3531911717195999999999999991042 3423 1 9399999999999999
101124153181198197179147109 73 46 32 38 62 99140175196198184158127 99 8226 828QL 4282001738200999999999999991113 322330 7999999999999999
 82100132166194205197171135 96 62 40 36 52 85126166193203193168136102 7726 829QL 5 42051758203999999999999991143 35999999999999999999999
 66 77105143178201205189159122 86 58 44 50 76114155187203200179147111 7826 830QL 541206181920499999999999999 0 1 661212 4499999999999999
 59 58 79114153185201198178147113 81 61 58 74106144178199203188159123 8726 831QL 621202184120499999999999999 031 561240 5799999999999999
 60 48 58 85122158185195187166137108 85 74 8110413616819220219417013710126 9 1QL 7 419519 220299999999999999 1 3 4813 7 7499999999999999
 69 49 47 63 92127157178183174154131110 96 9510913216018319619517915111826 9 2QL 751183192519899999999999999 138 461334 9499999999999999
 86 61 49 52 69 9612515016516916114713111911412013415417418819118316313626 9 3QL 846169194819199999999999999 219 48135911499999999999999
107 81 62 54 58 72 9311713715015515214513813413514115316617718318016915126 9 4QL10 2155201518399999999999999 312 54142113499999999999999
129106 86 71 62 62 70 8510312113614414915015115115315616016617017216816026 9 5QL2049172999999999999999999999 434 61999999999999999999999
148133116 99 82 68 60 62 72 8810712514115316216616616315915615615715815926 9 6QL153016623 015999999999999999 620 60194315699999999999999
158154146132112 89 68 54 51 58 75 9812314616417617817316215114313914114826 9 7QL1548178999999999999999999999 748 5021 713999999999999999
157165169163147122 92 64 45 39 48 69 9813015917918718317015213412212012826 9 8QL 15716916 918899999999999999 853 39214412099999999999999
143162179186179157125 88 56 36 32 45 7310914617619319318015713211110010326 9 9QL 3 2186163119599999999999999 944 312218 9999999999999999
120146173194200188159121 82 49 31 32 53 88130168193200189166137107 86 8026 910QL 3502001653200999999999999991027 292250 8099999999999999
 92120154186206207188154114 75 45 33 43 72113156188203198176145111 81 6526 911QL 43220917142039999999999999911 4 332322 6499999999999999
 68 91127166196211204180145105 70 47 45 64101143180202204186156120 85 5926 912QL 5122111735205999999999999991137 432352 5199999999999999
 52 65 97137175201207195168134 98 70 57 65 94132171197206194167132 95 6326 913QL 55020817552069999999999999912 7 57999999999999999999999
 46 48 72108148180197197181154123 95 76 75 93125161190204199177145108 7426 914QL 629199181520499999999999999 023 441235 7399999999999999
 50 43 55 84120154179188183166142117 97 89 98121152180198199184156122 8826 915QL 7 7188183520199999999999999 052 4313 0 8999999999999999
 62 47 49 68 9712815517217616815213311610610712114416918819518716513610526 916QL 749176185719599999999999999 123 46132510599999999999999
 78 59 54 62 8110613115016116215514313112111912614015917718618417014712126 917QL 835163192018799999999999999 155 54134811999999999999999
 96 77 66 65 74 9010912814214915014614013513213414115216417417616915413426 918QL 939150194517699999999999999 234 6414 913299999999999999
114 96 83 77 76 82 9210612013113814214414414314414514915516016416215514326 919QL2015164999999999999999999999 334 76999999999999999999999
129116104 94 86 82 83 88 9811012213214114815315415315114914915015115014726 920QL15 015421 915199999999999999 523 82183314999999999999999
141134125114102 90 81 77 80 8810211713314815916416315614814113713713914326 921QL1518164999999999999999999999 7 7 77202913699999999999999
146147144136123105 87 74 67 70 81 9912114316117117316515113712612112413326 922QL 048147153717399999999999999 813 6721 712199999999999999
144155160158146126102 79 63 57 63 8010513315917618117415813711810710511526 923QL 213160155518199999999999999 9 0 57213610599999999999999
133153169175169150122 93 68 52 50 63 88121153177189184167142116 95 87 9326 924QL 3 0175161418999999999999999 938 4922 4 8799999999999999
114141168185188174148115 82 57 46 51 73106143175193194178150118 89 71 7026 925QL 3391891632196999999999999991012 452233 6899999999999999
 88119155184199195174141105 73 52 47 62 93132168194201189162126 90 62 5126 926QL 4172001652201999999999999991044 4723 2 5199999999999999
 61 90131170198206195168133 97 68 54 59 83120159190204198174138 97 62 3926 927QL 4552071712205999999999999991115 532333 3699999999999999
 38 60 99144182205207189159124 92 70 64 79110148183203204186152111 70 3826 928QL 5352081734206999999999999991146 64999999999999999999999
 25 35 67111155188204200179150119 93 79 84106139173197206195167128 86 4926 929QL 616205175620699999999999999 0 5 251216 7999999999999999
 25 22 41 77120160186195188168142117100 96108133163188202198178145106 6826 930QL 7 1195181920299999999999999 039 201245 9599999999999999
 38 23 28 52 87125157177182174157138122113117132155178193196184160127 932610 1QL 751182184219699999999999999 116 23131411399999999999999
 62 40 32 40 62 921221471621661611501391311291361501671811871831681451172610 2QL 85216619 718799999999999999 2 0 32134212999999999999999
 90 66 50 45 52 68 911141341471531531491451431441501591671731731671551372610 3QL1028153193317499999999999999 256 45141214399999999999999
118 98 80 66 58 59 69 841021201351451521551551551541541551571581571541482610 4QL135415520 815899999999999999 423 58162815499999999999999
139128113 97 80 67 62 64 75 921111301461581641651611541471411381391421472610 5QL1439165999999999999999999999 611 61201813899999999999999
150150144131111 90 71 59 58 68 861101341551691741701591441291191161211332610 6QL 03015115 317499999999999999 735 57205111699999999999999
147160166161145121 93 69 55 53 66 90119147169181180167147124105 94 961102610 7QL 2 5166152418299999999999999 834 522122 9499999999999999
132156174182174153123 91 65 52 54 73102136166184188178155127 98 78 72 822610 8QL 3 0182154518999999999999999 920 512153 7299999999999999
107138168189193181154120 87 62 53 63 89123158184195188166135100 71 55 572610 9QL 34519416 619599999999999999 959 532223 5399999999999999
 78112150182199198180150115 83 63 62 80112148180198197178147109 73 47 39261010QL 4262011627199999999999999991035 602254 3899999999999999
 52 83124163192204196173141108 82 70 77103138172196202188160122 82 49 31261011QL 5 520416482029999999999999911 7 692324 2999999999999999
 33 57 95138175197201188163132103 84 82 98128163190202196172136 96 59 33261012QL 5432021710203999999999999991138 802353 2599999999999999
 25 38 70111151181195192176151124102 92 99121152181198199181150112 74 44261013QL 62019617322019999999999999912 7 92999999999999999999999
 27 30 52 86125159180187180163140119105104118142170190196186162128 91 60261014QL 657187175419699999999999999 022 26123510399999999999999
 38 32 43 68102135160174176166151133119113119135158178189186169141109 78261015QL 736177181819099999999999999 052 3213 111399999999999999
 55 42 44 59 83112138156164163155142130123123132148165178180171151125 97261016QL 821165184318199999999999999 124 41132912299999999999999
 74 58 53 58 73 93116135148154153147140133131133142154164170167155136115261017QL 919154191117099999999999999 2 1 5314 013199999999999999
 94 78 68 65 70 81 97113128139145147145142140139140145151155157152142129261018QL1057147194315799999999999999 250 65145413999999999999999
113 99 87 79 75 77 83 94108122133142148150149147143141140140142143141136261019QL1313150205214399999999999999 413 7518 114099999999999999
129119109 98 88 80 77 80 89103118134146155158156150141132127125127132136261020QL14 7158999999999999999999999 6 1 77195312599999999999999
139137131120106 92 80 74 75 85102122141157165166159145130116108108115128261021QL 0 6139143416799999999999999 719 73203010699999999999999
140149150143129111 91 76 68 71 85107132155170175169153131109 92 86 92109261022QL 141151145617599999999999999 813 6821 0 8699999999999999
131151164165155135111 88 71 65 73 93121149172183180164138108 82 66 67 83261023QL 237166151718399999999999999 856 652129 6499999999999999
111142167180178163137109 83 68 66 81108141169188190176148114 79 52 42 53261024QL 322181153919199999999999999 934 6522 0 4299999999999999
 81119156183194187166136105 81 69 75 97130163188198189163125 84 48 26 25261025QL 4 519416 2198999999999999991011 692232 2399999999999999
 48 86132171196202190164133103 82 78 91119153183201199178142 98 55 22  8261026QL 4482031626202999999999999991046 7723 5  799999999999999
 18 50 96144182202203186160129103 89 92112143175198205192161119 73 32  5261027QL 5312051652205999999999999991121 882342 -199999999999999
  0 20 59107153186201197179153127107100110134163189203200178141 97 54 18261028QL 6162011719204999999999999991155100999999999999999999999
 -1  3 29 70116155182192186169148127114114129152177195200188161123 82 44261029QL 7 5192174720099999999999999 020 -2123011399999999999999
 16  5 15 42 80119152172179173160144130124129144164182191188172145111 77261030QL 759179181819299999999999999 1 3  513 612499999999999999
 46 25 19 30 54 86118144160166162154143135133139151165176179173157134108261031QL 9 5166185117999999999999999 151 19134613399999999999999
 80 57 41 36 45 63 881131341491561561521461411391431501571621621571461312611 1QL1032157193516399999999999999 250 36144913999999999999999
112 92 73 59 53 56 69 881081281431521561541501441391371381401431451451422611 2QL12 9156213814599999999999999 4 7 53171813799999999999999
135123107 90 75 65 64 72 871071271441551601581521421311231181181231311392611 3QL1314160999999999999999999999 536 64192811899999999999999
144144137123105 87 73 69 75 90111133151163166161149132115101 94 971081242611 4QL 027145135316699999999999999 656 692014 9499999999999999
141153157150135115 94 78 73 80 97121145163172171159139115 92 76 72 801002611 5QL 154157142217399999999999999 756 732050 7199999999999999
125148164169162144120 96 81 77 88110136160176180171151123 92 67 52 54 722611 6QL 253169144918099999999999999 844 772123 5199999999999999
100132160177179168146120 97 83 84100126153175186182164135100 67 43 35 462611 7QL 341180151518799999999999999 925 822155 3599999999999999
 73109145173187185169145118 96 88 95116144170187190177150113 75 43 25 262611 8QL 42318815411919999999999999910 3 872226 2399999999999999
 47 82122158183192185165139114 97 95108133162184194187164129 89 52 25 162611 9QL 5 219216 7194999999999999991039 932257 1699999999999999
 27 57 96137170189192180158132110100104124151176192193176145106 67 34 16261110QL 5391931633195999999999999991112 992328 1399999999999999
 16 37 72113150177189186170147125109105116139165186194185160124 85 50 24261111QL 61519016591949999999999999911441052359 1599999999999999
 15 25 52 89127159179184175158137119110113129153175189188171141104 68 39261112QL 6501841726190999999999999991215109999999999999999999999
 23 23 39 69104137162175174163147130117114123141162179185176153122 88 58261113QL 727176175418599999999999999 031 21124611499999999999999
 37 29 35 55 84115142160167164153139126118120132149166175174160137108 79261114QL 8 8167182417699999999999999 1 4 29131811899999999999999
 56 42 40 50 70 96122143156159155145134125122127137151162166160145123 99261115QL 855159185716699999999999999 140 39135612299999999999999
 76 59 51 52 63 81103124141151154150143134128126129137145151152146134116261116QL 954154193915399999999999999 222 50145112699999999999999
 97 80 67 62 64 73 88106124139149152150144136130126126129133138139136128261117QL11 1152205513999999999999999 314 62163312599999999999999
116102 88 78 73 73 80 92108126141151155153146137127119114113117124130133261118QL12 515523 413399999999999999 426 72183711399999999999999
131123112100 89 81 79 83 95112130147158161157147132117103 95 94101114128261119QL1255161999999999999999999999 553 791935 9399999999999999
137140135125112 98 88 83 86 99118139157166167158142120 98 80 70 74 89110261120QL 052140133316899999999999999 7 7 832015 7099999999999999
132148154151139123106 92 86 91106129151168175171155130100 72 52 46 57 82261121QL 2 915414 717599999999999999 8 4 852050 4699999999999999
113142162170166151131110 94 90 98118143166180182170145111 74 43 25 26 47261122QL 3 8170143918399999999999999 853 892126 2399999999999999
 81120154177184177159135113 98 96109132158180191186164130 88 47 16  3 13261123QL 359184151219199999999999999 937 9522 4  399999999999999
 43 86130167189194183162136114102105122147174192197183153111 64 23 -5-10261124QL 44719415461979999999999999910201012244-1199999999999999
  8 46 93139175195196183160135116108115136162186200197176139 92 45  6-15261125QL 53419816212019999999999999911 21082326-1899999999999999
-14 11 53101146179194192177155133118115126148174194201192164124 78 34  0261126QL 6221951658201999999999999991143114999999999999999999999
-16 -8 20 63109150177188184169149131120121135157180195196181151112 69 31261127QL 711188173619799999999999999 011-16122411899999999999999
  3 -7  4 34 74115149171179173160143128121126140160178188184168139104 68261128QL 8 2179181718899999999999999 058 -713 812199999999999999
 36 14  9 22 50 85120148165169164152138126122127140156169174169154131102261129QL 85416919 317499999999999999 147  8135712299999999999999
 72 47 31 29 41 65 95124146159162157146133124120124133144153157154143126261130QL 94816220 615799999999999999 238 28145812099999999999999
105 82 62 50 49 60 801041281471571581521421301201141141191261341401411372612 1QL1039159214714299999999999999 334 48162811499999999999999
127112 95 80 70 69 77 93114134150158157150139126113104 991001071161271342612 2QL1128159235013699999999999999 437 681817 9999999999999999
136132122110 96 87 84 90104123141155161159150136119102 88 80 80 891031202612 3QL1214161999999999999999999999 548 841927 7999999999999999
133140141135124111100 96101114132149161165161149131109 86 68 60 63 77 972612 4QL 135142125816599999999999999 658 962014 5999999999999999
119138150153147135120108103108123141157168169162145121 93 67 48 42 51 722612 5QL 251153134117099999999999999 7581032053 4299999999999999
 99126148161164157142124111107115131150165174173160137107 74 47 31 31 472612 6QL 345164142217599999999999999 8501072129 2899999999999999
 74106137161173172161142124111110121139158173179173154124 88 54 29 19 262612 7QL 42817415 017999999999999999 93510922 4 1999999999999999
 50 83119151173181175159138120110113127148168181182169142106 69 36 16 132612 8QL 5 518115361839999999999999910171102238 1299999999999999
 29 59 96134163181183172152131115109117135158176186180159126 87 50 22 102612 9QL 53818416 91869999999999999910551092312  999999999999999
 15 38 73112147173183179163142122110110123145167183186173145108 69 36 14261210QL 61118316411879999999999999911301092346  999999999999999
 10 23 52 89127158177180170151131115108114131155175186181160128 90 54 27261211QL 64318017131869999999999999912 3108999999999999999999999
 13 16 36 69106140165175172158139121109108119140162179182170144110 74 44261212QL 715176174418399999999999999 019 12123510799999999999999
 23 18 28 53 86121149167171163147129114107111126146165176172155128 95 64261213QL 748171181717699999999999999 051 1713 910799999999999999
 39 27 28 44 71103133155166165154138121110107114130148162166159140114 85261214QL 823167185416699999999999999 124 25134710799999999999999
 59 42 36 43 62 88117141158164159146131116107107115129143152154145128105261215QL 9 1164194015499999999999999 157 36143210699999999999999
 81 61 50 49 60 79103127148159161154140125112105105111121132140142135121261216QL 941162204414299999999999999 233 48153210499999999999999
103 84 70 64 66 77 94115136152161160150136120107 99 96 99107118128133131261217QL1022161221213399999999999999 316 641658 9699999999999999
121108 95 85 80 82 91106124142156162158147132115 99 87 81 82 90104119129261218QL11 6162235513399999999999999 413 801823 8099999999999999
133129120111102 97 96102115132149161164159146128107 86 69 59 61 73 93115261219QL1153164999999999999999999999 536 961923 5999999999999999
131140142137129119111107110122139155166168160145122 95 68 46 36 40 59 86261220QL 141142124416899999999999999 7 31072012 3599999999999999
114138152158155145132120113116128145161172173164143114 80 46 22 13 23 48261221QL 3 6158133817499999999999999 8131132058 1399999999999999
 83118147166173169156139124117120134152169180180167140103 62 25  1 -5 11261222QL 4 6173143218199999999999999 9121172145 -599999999999999
 43 83124157178185177161141125118123138159178189187168135 91 46  8-15-16261223QL 45618515221909999999999999910 51182233-1899999999999999
  5 42 88132167187190179159138122117125143166186196190166127 80 33 -4-23261224QL 54119016101979999999999999910541172321-2499999999999999
-19  7 48 96141174189188173152131117114126148173193199189160118 70 26 -8261225QL 6231911655200999999999999991140113999999999999999999999
-22-14 16 60108150177187181164142122110111127151176193196181150108 64 24261226QL 7 4187174019799999999999999 0 8-23122410899999999999999
 -4-13  1 34 78122157177180170151129111103108127151174187186169139101 62261227QL 743181182518999999999999999 053-1313 710399999999999999
 28  7  5 24 57 98135162174172158138117101 97106125147165174171154128 96261228QL 818175191417599999999999999 135  31350 9799999999999999
 64 38 25 30 51 83117147165170162146125106 94 93102119137151157154140120261229QL 851170201015899999999999999 215 251438 9299999999999999
 95 71 54 49 58 79106134155166165153135116 99 89 88 95108122134140139130261230QL 923167212114199999999999999 253 491536 8799999999999999
115 99 84 75 75 85104127148162166160145127108 93 83 80 84 93105117125128261231QL 952166225512899999999999999 329 731655 8099999999999999
